
sea_area = { 
    provinces = { 21 236 237 238 239 240 241 242 243 244 245 246 247 248 249 250 251 252 253 254 255 256 257 258 259 260
				  261 262 263 264 265 266 267 268 269 270 271 272 273 274 275 276 277 278 279 280 281 282 283 284 285 286 
				  287 288 289 290 291 292 293 294 295 296 297 298 299 300 301 302 303 304 305 306 307 308 309 310 311 312 
				  313 314 315 316 317 318 319 320 321 322 323 324 325 326 327 328 329 330 331 332 333 334 335 336 337 338 
				  339 340 341 342 343 344 345 346 347 348 349 350 351 352 353 354 355 356 357 358 359 360 361 362 363 364 
				  365 366 367 368 369 370 371 372 373 374 375 376 377 378 379 380 381 382 383 384 385 386 387 388 389 390 
				  391 392 393 394 395 396 397 398 399 400 401 402 403 404 405 406 407 408 409 410 412 413 414 415 416 
				  417 418 419 420 506 }
}

#Sommerset Isles

hollyfalls_area = { 
    provinces = { 22 23 224 225 226 227 228 229 230 231 232 233 }
}

sunhold_area = { 
    provinces = { 421 422 423 424 425 426 427 428 429 430 431 432 }
}

pearls_area = { 
    provinces = { 433 434 435 436 437 438 439 440 441 442 443 444 }
}

alinor_area = { 
    provinces = { 445 446 447 448 449 450 451 452 453 454 455 456 458 }
}

rellenthil_area = { 
    provinces = { 457 459 460 461 462 463 464 465 466 467 468 469 }
}

torhamekhard_area = { 
    provinces = { 470 471 472 473 474 475 476 477 478 479 480 481 }
}

russafeld_area = { 
    provinces = { 482 483 484 485 487 488 489 490 555 556 557 558 }
}

archengrangrove_area = { 
    provinces = { 494 495 496 497 498 499 500 501 502 503 504 505 }
}

dusk_area = { 
    provinces = { 507 508 509 510 511 512 513 514 515 516 517 518 }
}

sirvarwoad_area = { 
    provinces = { 519 520 521 522 523 524 525 526 527 528 529 530 }
}

archonsgrove_area = { 
    provinces = { 531 532 533 534 535 536 537 538 539 540 541 542 }
}

shimmerene_area = { 
    provinces = { 543 544 545 546 547 548 549 550 551 552 553 554 }
}

eldbur_area = { 
    provinces = { 559 560 561 562 563 564 565 566 491 492 493 486 }
}

direnniacropolis_area = { 
    provinces = { 567 568 569 570 571 572 573 574 589 576 577 578 }
}

karndarwatch_area = { 
    provinces = { 579 580 581 582 583 584 585 586 587 588 575 590 }
}

kingshaven_area = { 
    provinces = { 591 592 593 594 595 596 597 598 599 600 601 602 }
}

kingshavenpass_area = { 
    provinces = { 607 610 611 612 613 614 621 622 623 624 625 626 }
}

cloudrest_area = { 
    provinces = { 615 616 617 618 619 620 603 604 605 608 606 609 }
}

corgrad_area = { 
    provinces = { 627 628 629 630 631 632 633 634 635 636 637 638 }
}

seakeep_area = { 
    provinces = { 639 640 641 642 643 644 645 646 647 648 649 650 }
}