object={
	name="oak_tree_generator_2_0"
	clamp_to_water_level=no
	render_under_water=no
	generated_content=yes
	layer="oak_tree_layer"
	pdxmesh="tree_oak_2_mesh"
	count=149
	transform="1413.514526 0.000000 1106.638428 0.000000 0.996386 0.000000 -0.084937 1.000000 1.000000 1.000000
1527.955566 0.000000 1418.627930 0.000000 0.960821 0.000000 -0.277169 1.000000 1.000000 1.000000
1533.451294 0.000000 1420.952759 0.000000 0.972296 0.000000 0.233755 1.000000 1.000000 1.000000
1520.650269 0.000000 1428.090576 0.000000 0.978512 0.000000 -0.206191 1.000000 1.000000 1.000000
1532.968262 0.000000 1423.650757 0.000000 0.818365 0.000000 -0.574698 1.000000 1.000000 1.000000
1521.363892 0.000000 1420.460815 0.000000 0.984693 0.000000 -0.174296 1.000000 1.000000 1.000000
1534.824341 0.000000 1422.606934 0.000000 0.200836 0.000000 0.979625 1.000000 1.000000 1.000000
1513.590698 0.000000 1424.719849 0.000000 0.983301 0.000000 -0.181986 1.000000 1.000000 1.000000
1513.291016 0.000000 1422.577637 0.000000 0.744429 0.000000 0.667701 0.906911 0.906911 0.906911
1521.192261 0.000000 1429.670654 0.000000 0.022670 0.000000 0.999743 1.000000 1.000000 1.000000
1527.364990 0.000000 1421.567505 0.000000 0.110361 0.000000 0.993892 0.814080 0.814080 0.814080
1520.214478 0.000000 1420.993530 0.000000 0.999999 0.000000 0.001736 1.000000 1.000000 1.000000
1526.136963 0.000000 1421.860474 0.000000 0.365203 0.000000 -0.930928 1.152400 1.152400 1.152400
1643.042480 0.000000 1566.978760 0.000000 0.106812 0.000000 0.994279 1.000000 1.000000 1.000000
1657.227417 0.000000 1567.612549 0.000000 0.335644 0.000000 0.941989 0.843582 0.843582 0.843582
1644.706909 0.000000 1567.175049 0.000000 0.233381 0.000000 0.972385 0.829992 0.829992 0.829992
1602.585571 0.000000 1596.895142 0.000000 0.699339 0.000000 -0.714791 1.000000 1.000000 1.000000
1619.965576 0.000000 1598.587524 0.000000 0.954870 0.000000 -0.297025 1.000000 1.000000 1.000000
1626.564453 0.000000 1582.728638 0.000000 0.819477 0.000000 0.573112 1.000000 1.000000 1.000000
1630.888428 0.000000 1593.160278 0.000000 0.746449 0.000000 0.665443 0.907297 0.907297 0.907297
1628.956543 0.000000 1583.611694 0.000000 0.876199 0.000000 -0.481950 1.064029 1.064029 1.064029
1600.454834 0.000000 1595.890137 0.000000 0.999992 0.000000 -0.003881 1.000000 1.000000 1.000000
1616.347900 0.000000 1583.746826 0.000000 0.663818 0.000000 0.747894 1.000000 1.000000 1.000000
1626.059326 0.000000 1592.890015 0.000000 0.325277 0.000000 0.945619 0.842183 0.842183 0.842183
1628.856201 0.000000 1576.512939 0.000000 0.355289 0.000000 -0.934757 1.000000 1.000000 1.000000
1623.620605 0.000000 1595.385376 0.000000 0.012984 0.000000 0.999916 0.801653 0.801653 0.801653
1620.983398 0.000000 1593.379517 0.000000 0.910715 0.000000 0.413036 0.945787 0.945787 0.945787
1603.596191 0.000000 1590.941406 0.000000 0.952314 0.000000 0.305120 1.000000 1.000000 1.000000
1631.233154 0.000000 1574.312622 0.000000 0.427379 0.000000 -0.904072 1.143775 1.143775 1.143775
1605.377686 0.000000 1591.867188 0.000000 0.266554 0.000000 -0.963820 1.165646 1.165646 1.165646
1622.118286 0.000000 1595.251221 0.000000 0.744246 0.000000 0.667905 0.906876 0.906876 0.906876
1627.567505 0.000000 1583.819946 0.000000 0.825529 0.000000 -0.564360 1.000000 1.000000 1.000000
1603.067749 0.000000 1595.557251 0.000000 0.873459 0.000000 -0.486897 1.000000 1.000000 1.000000
1619.203247 0.000000 1583.154663 0.000000 0.020658 0.000000 0.999787 0.802630 0.802630 0.802630
1610.827148 0.000000 1584.483643 0.000000 0.365412 0.000000 -0.930846 1.000000 1.000000 1.000000
1620.766968 0.000000 1599.582764 0.000000 0.907163 0.000000 0.420779 0.944703 0.944703 0.944703
1611.498901 0.000000 1586.764404 0.000000 0.614034 0.000000 -0.789279 1.115818 1.115818 1.115818
1611.948730 0.000000 1590.309937 0.000000 0.993767 0.000000 0.111473 0.985777 0.985777 0.985777
1610.384155 0.000000 1590.892578 0.000000 0.746316 0.000000 0.665592 0.907272 0.907272 0.907272
1604.426758 0.000000 1591.518555 0.000000 0.878569 0.000000 -0.477615 1.063399 1.063399 1.063399
1620.965332 0.000000 1598.658813 0.000000 0.583586 0.000000 0.812051 0.879340 0.879340 0.879340
1627.278809 0.000000 1592.937866 0.000000 0.931607 0.000000 -0.363468 1.047363 1.047363 1.047363
1642.283936 0.000000 1597.140381 0.000000 0.677191 0.000000 0.735807 1.000000 1.000000 1.000000
1657.649292 0.000000 1586.034424 0.000000 0.864323 0.000000 0.502937 0.932901 0.932901 0.932901
1654.745483 0.000000 1589.267456 0.000000 0.930290 0.000000 -0.366825 1.047822 1.047822 1.047822
1655.575928 0.000000 1568.331299 0.000000 0.959489 0.000000 -0.281746 1.000000 1.000000 1.000000
1653.105225 0.000000 1591.534546 0.000000 0.947284 0.000000 0.320394 1.000000 1.000000 1.000000
1637.386719 0.000000 1580.152710 0.000000 0.768157 0.000000 -0.640261 1.000000 1.000000 1.000000
1635.213135 0.000000 1575.068970 0.000000 0.749977 0.000000 0.661464 1.000000 1.000000 1.000000
1655.922241 0.000000 1591.716675 0.000000 0.411698 0.000000 0.911320 1.000000 1.000000 1.000000
1647.164062 0.000000 1589.714233 0.000000 0.737400 0.000000 0.675456 1.000000 1.000000 1.000000
1657.410645 0.000000 1569.341797 0.000000 0.952559 0.000000 0.304353 1.000000 1.000000 1.000000
1656.515259 0.000000 1589.869995 0.000000 0.619675 0.000000 -0.784858 1.000000 1.000000 1.000000
1648.673340 0.000000 1591.093750 0.000000 0.043003 0.000000 -0.999075 1.000000 1.000000 1.000000
1636.253784 0.000000 1596.940552 0.000000 0.134361 0.000000 -0.990933 1.000000 1.000000 1.000000
1657.771240 0.000000 1567.835571 0.000000 0.867791 0.000000 0.496929 0.933784 0.933784 0.933784
1649.176636 0.000000 1589.631592 0.000000 0.432241 0.000000 0.901758 1.000000 1.000000 1.000000
1645.938232 0.000000 1595.127319 0.000000 0.690627 0.000000 -0.723211 1.102934 1.102934 1.102934
1638.585205 0.000000 1587.092773 0.000000 0.982481 0.000000 -0.186363 1.023868 1.023868 1.023868
1645.499023 0.000000 1567.677612 0.000000 0.905530 0.000000 0.424283 0.944211 0.944211 0.944211
1651.282227 0.000000 1597.476440 0.000000 0.064422 0.000000 -0.997923 1.191792 1.191792 1.191792
1635.556274 0.000000 1572.353516 0.000000 0.333238 0.000000 -0.942843 1.156743 1.156743 1.156743
1656.644897 0.000000 1567.946899 0.000000 0.608283 0.000000 0.793720 0.883257 0.883257 0.883257
1656.612915 0.000000 1586.386475 0.000000 0.915147 0.000000 -0.403121 1.052830 1.052830 1.052830
1635.796387 0.000000 1573.340210 0.000000 0.507113 0.000000 0.861880 0.867715 0.867715 0.867715
1600.555908 0.000000 1607.537598 0.000000 0.979865 0.000000 -0.199662 1.000000 1.000000 1.000000
1620.575562 0.000000 1607.815430 0.000000 0.549644 0.000000 -0.835399 1.000000 1.000000 1.000000
1610.556030 0.000000 1612.741455 0.000000 0.993417 0.000000 0.114553 1.000000 1.000000 1.000000
1609.742676 0.000000 1610.348755 0.000000 0.911933 0.000000 0.410340 1.000000 1.000000 1.000000
1612.899414 0.000000 1613.529053 0.000000 0.865660 0.000000 0.500633 1.000000 1.000000 1.000000
1612.533936 0.000000 1600.440674 0.000000 0.954461 0.000000 0.298337 0.961427 0.961427 0.961427
1602.548950 0.000000 1608.770508 0.000000 0.809764 0.000000 0.586756 0.920162 0.920162 0.920162
1628.993530 0.000000 1600.593506 0.000000 0.755073 0.000000 -0.655640 1.091040 1.091040 1.091040
1621.962769 0.000000 1599.685791 0.000000 0.353096 0.000000 -0.935587 1.154052 1.154052 1.154052
1613.317871 0.000000 1601.882935 0.000000 0.807403 0.000000 0.590000 0.919651 0.919651 0.919651
1610.913940 0.000000 1617.743408 0.000000 0.587397 0.000000 0.809299 1.000000 1.000000 1.000000
1630.598389 0.000000 1616.150513 0.000000 0.530986 0.000000 -0.847381 1.128729 1.128729 1.128729
1623.539795 0.000000 1605.496826 0.000000 0.733641 0.000000 0.679537 0.904872 0.904872 0.904872
1622.372559 0.000000 1604.540161 0.000000 0.961429 0.000000 -0.275052 1.035478 1.035478 1.035478
1631.794556 0.000000 1610.544067 0.000000 0.516012 0.000000 -0.856581 1.000000 1.000000 1.000000
1610.053955 0.000000 1615.464355 0.000000 0.032137 0.000000 0.999483 0.804092 0.804092 0.804092
1610.399536 0.000000 1614.309937 0.000000 0.917829 0.000000 -0.396975 1.051976 1.051976 1.051976
1628.478149 0.000000 1599.644653 0.000000 0.982455 0.000000 -0.186500 1.023886 1.023886 1.023886
1629.598755 0.000000 1599.667847 0.000000 0.751559 0.000000 0.659665 0.908279 0.908279 0.908279
1602.541870 0.000000 1606.252441 0.000000 0.310050 0.000000 0.950720 0.840138 0.840138 0.840138
1631.719604 0.000000 1607.289551 0.000000 0.991865 0.000000 0.127292 0.983749 0.983749 0.983749
1621.039185 0.000000 1599.910645 0.000000 0.335488 0.000000 -0.942044 1.156439 1.156439 1.156439
1636.638550 0.000000 1604.732056 0.000000 0.810640 0.000000 0.585545 0.920352 0.920352 0.920352
1640.097290 0.000000 1601.486694 0.000000 0.224493 0.000000 0.974476 0.828829 0.828829 0.828829
1639.170654 0.000000 1605.191895 0.000000 0.428253 0.000000 -0.903659 1.143652 1.143652 1.143652
1633.182129 0.000000 1614.380493 0.000000 0.953406 0.000000 0.301689 1.000000 1.000000 1.000000
1632.973267 0.000000 1609.898560 0.000000 0.032338 0.000000 -0.999477 1.000000 1.000000 1.000000
1640.988281 0.000000 1606.263428 0.000000 0.864199 0.000000 0.503150 0.932870 0.932870 0.932870
1641.982666 0.000000 1601.424683 0.000000 0.955232 0.000000 -0.295859 1.038242 1.038242 1.038242
1645.313965 0.000000 1601.882935 0.000000 0.862880 0.000000 0.505409 0.932537 0.932537 0.932537
1638.043823 0.000000 1604.043091 0.000000 0.039021 0.000000 -0.999238 1.195030 1.195030 1.195030
1634.828613 0.000000 1610.329590 0.000000 0.865425 0.000000 0.501039 0.933181 0.933181 0.933181
1637.740356 0.000000 1605.751587 0.000000 0.412256 0.000000 0.911068 0.854104 0.854104 0.854104
1638.759888 0.000000 1608.401733 0.000000 0.730825 0.000000 0.682565 0.904346 0.904346 0.904346
1641.171143 0.000000 1602.630859 0.000000 0.773499 0.000000 -0.633798 1.087402 1.087402 1.087402
1640.321655 0.000000 1609.728027 0.000000 0.120225 0.000000 0.992747 0.815345 0.815345 0.815345
1642.964966 0.000000 1603.571289 0.000000 0.066554 0.000000 -0.997783 1.000000 1.000000 1.000000
1644.305542 0.000000 1601.501831 0.000000 0.434129 0.000000 0.900851 0.857177 0.857177 0.857177
1639.995117 0.000000 1605.873413 0.000000 0.357768 0.000000 -0.933811 1.153415 1.153415 1.153415
1634.049316 0.000000 1604.438599 0.000000 0.060822 0.000000 -0.998149 1.192251 1.192251 1.192251
1632.808960 0.000000 1605.396362 0.000000 0.999993 0.000000 0.003819 0.999514 0.999514 0.999514
1635.796387 0.000000 1605.332397 0.000000 0.833762 0.000000 -0.552125 1.074473 1.074473 1.074473
1641.855713 0.000000 1603.248657 0.000000 0.674744 0.000000 0.738052 0.894298 0.894298 0.894298
1641.271606 0.000000 1608.302002 0.000000 0.404206 0.000000 0.914668 0.852981 0.852981 0.852981
1636.948242 0.000000 1605.579590 0.000000 0.663122 0.000000 0.748511 0.892308 0.892308 0.892308
2044.074097 0.000000 1625.786499 0.000000 0.957076 0.000000 -0.289836 1.000000 1.000000 1.000000
2052.030762 0.000000 1624.543457 0.000000 0.981374 0.000000 -0.192107 1.000000 1.000000 1.000000
2070.694824 0.000000 1621.259644 0.000000 0.230261 0.000000 0.973129 1.000000 1.000000 1.000000
2050.205811 0.000000 1626.319824 0.000000 0.602424 0.000000 -0.798176 1.000000 1.000000 1.000000
2073.685303 0.000000 1620.462646 0.000000 0.069326 0.000000 -0.997594 1.000000 1.000000 1.000000
2054.053223 0.000000 1614.426270 0.000000 0.521146 0.000000 0.853467 1.000000 1.000000 1.000000
2065.757080 0.000000 1618.179688 0.000000 0.981332 0.000000 -0.192323 1.024641 1.024641 1.024641
2061.896973 0.000000 1618.275024 0.000000 0.516070 0.000000 0.856546 0.869042 0.869042 0.869042
2064.691650 0.000000 1608.626709 0.000000 0.244222 0.000000 -0.969719 1.168587 1.168587 1.168587
2060.512939 0.000000 1619.349976 0.000000 0.809445 0.000000 0.587196 0.920093 0.920093 0.920093
2065.980957 0.000000 1619.482544 0.000000 0.575520 0.000000 0.817787 0.878080 0.878080 0.878080
2073.184326 0.000000 1623.733765 0.000000 0.861156 0.000000 0.508341 1.000000 1.000000 1.000000
2065.825928 0.000000 1609.288208 0.000000 0.049133 0.000000 -0.998792 1.193742 1.193742 1.193742
2077.648926 0.000000 1631.192139 0.000000 0.630198 0.000000 -0.776435 1.000000 1.000000 1.000000
2056.674561 0.000000 1615.627441 0.000000 0.255851 0.000000 -0.966716 1.167058 1.167058 1.167058
2057.999268 0.000000 1615.464355 0.000000 0.633794 0.000000 -0.773502 1.112599 1.112599 1.112599
2066.126953 0.000000 1625.305298 0.000000 0.501748 0.000000 0.865014 1.000000 1.000000 1.000000
2061.632812 0.000000 1619.340454 0.000000 0.058767 0.000000 -0.998272 1.192513 1.192513 1.192513
2065.129150 0.000000 1618.966675 0.000000 0.979868 0.000000 -0.199647 1.025592 1.025592 1.025592
2061.367432 0.000000 1626.383789 0.000000 0.954286 0.000000 0.298897 0.961353 0.961353 0.961353
2082.527100 0.000000 1628.887329 0.000000 0.018445 0.000000 0.999830 1.000000 1.000000 1.000000
2079.797363 0.000000 1630.145142 0.000000 0.238650 0.000000 0.971106 1.000000 1.000000 1.000000
2082.202148 0.000000 1626.319824 0.000000 0.961962 0.000000 -0.273182 1.000000 1.000000 1.000000
2080.563477 0.000000 1626.469238 0.000000 0.983854 0.000000 -0.178972 1.000000 1.000000 1.000000
2072.629395 0.000000 1638.342407 0.000000 0.869377 0.000000 0.494150 0.934192 0.934192 0.934192
2066.463623 0.000000 1634.473633 0.000000 0.742441 0.000000 0.669911 1.000000 1.000000 1.000000
2069.353760 0.000000 1642.491455 0.000000 0.256214 0.000000 -0.966620 1.000000 1.000000 1.000000
2075.098145 0.000000 1637.233521 0.000000 0.456068 0.000000 -0.889945 1.139703 1.139703 1.139703
2073.254395 0.000000 1636.687500 0.000000 0.869883 0.000000 0.493258 1.000000 1.000000 1.000000
2066.837158 0.000000 1632.858521 0.000000 0.815059 0.000000 -0.579377 1.000000 1.000000 1.000000
2065.349121 0.000000 1635.544678 0.000000 0.403010 0.000000 0.915196 1.000000 1.000000 1.000000
2066.560303 0.000000 1643.400757 0.000000 0.544446 0.000000 -0.838796 1.000000 1.000000 1.000000
2072.553223 0.000000 1639.750366 0.000000 0.756666 0.000000 -0.653802 1.090731 1.090731 1.090731
2064.147949 0.000000 1644.938843 0.000000 0.871054 0.000000 -0.491187 1.065375 1.065375 1.065375
2073.701416 0.000000 1639.865967 0.000000 0.826834 0.000000 -0.562446 1.076056 1.076056 1.076056
2074.916748 0.000000 1636.112671 0.000000 0.610453 0.000000 -0.792053 1.116395 1.116395 1.116395
2065.522461 0.000000 1645.431396 0.000000 0.526683 0.000000 -0.850062 1.129374 1.129374 1.129374
2081.386719 0.000000 1634.537231 0.000000 0.443213 0.000000 -0.896416 1.000000 1.000000 1.000000
2082.690186 0.000000 1635.549194 0.000000 0.992283 0.000000 0.123996 0.984172 0.984172 0.984172
"}
object={
	name="oak_tree_generator_2_1"
	clamp_to_water_level=no
	render_under_water=no
	generated_content=yes
	layer="oak_tree_layer"
	pdxmesh="tree_oak_2_variation_1_mesh"
	count=84
	transform="1526.526855 0.000000 1420.591309 0.000000 0.360286 0.000000 0.932842 0.846928 0.846928 0.846928
1520.820679 0.000000 1422.239746 0.000000 0.019617 0.000000 -0.999808 1.000000 1.000000 1.000000
1523.531738 0.000000 1425.934692 0.000000 0.578338 0.000000 -0.815797 1.121481 1.121481 1.121481
1523.582764 0.000000 1424.307007 0.000000 0.923115 0.000000 0.384524 0.949746 0.949746 0.949746
1522.570068 0.000000 1425.404053 0.000000 0.658426 0.000000 -0.752646 1.108489 1.108489 1.108489
1535.927856 0.000000 1420.095581 0.000000 0.962931 0.000000 0.269748 1.000000 1.000000 1.000000
1629.010132 0.000000 1574.379883 0.000000 0.671249 0.000000 -0.741232 1.000000 1.000000 1.000000
1619.768677 0.000000 1580.409058 0.000000 0.405408 0.000000 -0.914136 1.000000 1.000000 1.000000
1602.260498 0.000000 1594.327637 0.000000 0.539151 0.000000 0.842209 1.000000 1.000000 1.000000
1630.811890 0.000000 1572.751099 0.000000 0.327497 0.000000 -0.944852 1.000000 1.000000 1.000000
1611.309326 0.000000 1587.886841 0.000000 0.254951 0.000000 0.966954 0.832824 0.832824 0.832824
1612.064453 0.000000 1580.274170 0.000000 0.749299 0.000000 -0.662232 1.000000 1.000000 1.000000
1628.666382 0.000000 1582.203857 0.000000 0.821274 0.000000 0.570535 0.922694 0.922694 0.922694
1620.936157 0.000000 1574.477051 0.000000 0.667410 0.000000 -0.744690 1.106961 1.106961 1.106961
1626.896484 0.000000 1593.790527 0.000000 0.999573 0.000000 -0.029226 1.003722 1.003722 1.003722
1604.600830 0.000000 1590.316772 0.000000 0.201136 0.000000 -0.979563 1.174215 1.174215 1.174215
1631.348022 0.000000 1592.120361 0.000000 0.959507 0.000000 0.281684 0.963643 0.963643 0.963643
1623.651733 0.000000 1594.232788 0.000000 0.209336 0.000000 -0.977844 1.173148 1.173148 1.173148
1642.588135 0.000000 1567.794189 0.000000 0.797278 0.000000 -0.603612 1.000000 1.000000 1.000000
1649.562256 0.000000 1573.189575 0.000000 0.708199 0.000000 0.706013 0.900197 0.900197 0.900197
1647.150269 0.000000 1591.950806 0.000000 0.922303 0.000000 0.386468 1.000000 1.000000 1.000000
1632.959595 0.000000 1572.348145 0.000000 0.461338 0.000000 0.887224 1.000000 1.000000 1.000000
1648.634644 0.000000 1588.051514 0.000000 0.020976 0.000000 -0.999780 1.000000 1.000000 1.000000
1636.981812 0.000000 1598.466187 0.000000 0.995818 0.000000 0.091356 1.000000 1.000000 1.000000
1650.792847 0.000000 1596.329590 0.000000 0.997262 0.000000 0.073950 0.990576 0.990576 0.990576
1644.398926 0.000000 1597.659546 0.000000 0.762193 0.000000 0.647350 1.000000 1.000000 1.000000
1655.887939 0.000000 1587.341553 0.000000 0.941285 0.000000 -0.337613 1.000000 1.000000 1.000000
1634.794800 0.000000 1573.203247 0.000000 0.999774 0.000000 -0.021283 1.002710 1.002710 1.002710
1631.861328 0.000000 1573.860962 0.000000 0.548309 0.000000 0.836276 1.000000 1.000000 1.000000
1638.611450 0.000000 1597.627197 0.000000 0.512994 0.000000 -0.858392 1.131415 1.131415 1.131415
1638.650635 0.000000 1599.049194 0.000000 0.912330 0.000000 -0.409456 1.053713 1.053713 1.053713
1636.700562 0.000000 1583.324219 0.000000 0.263292 0.000000 0.964716 0.833923 0.833923 0.833923
1637.242554 0.000000 1596.153198 0.000000 0.209497 0.000000 -0.977809 1.000000 1.000000 1.000000
1639.908813 0.000000 1597.431519 0.000000 0.943367 0.000000 -0.331751 1.043056 1.043056 1.043056
1657.187500 0.000000 1587.217285 0.000000 0.747705 0.000000 -0.664031 1.092462 1.092462 1.092462
1640.431519 0.000000 1587.101807 0.000000 0.363483 0.000000 0.931601 1.000000 1.000000 1.000000
1648.579834 0.000000 1572.522339 0.000000 0.663558 0.000000 -0.748125 1.107618 1.107618 1.107618
1639.566650 0.000000 1599.604248 0.000000 0.992566 0.000000 -0.121709 1.015535 1.015535 1.015535
1611.291504 0.000000 1615.325317 0.000000 0.248871 0.000000 0.968537 0.832024 0.832024 0.832024
1612.312378 0.000000 1610.775513 0.000000 0.981171 0.000000 0.193143 1.000000 1.000000 1.000000
1607.907715 0.000000 1612.903198 0.000000 0.863086 0.000000 -0.505058 1.000000 1.000000 1.000000
1630.519653 0.000000 1610.021240 0.000000 0.943653 0.000000 -0.330937 1.000000 1.000000 1.000000
1623.731323 0.000000 1604.046509 0.000000 0.993797 0.000000 -0.111213 1.014189 1.014189 1.014189
1622.121582 0.000000 1605.938599 0.000000 0.981891 0.000000 0.189448 0.975732 0.975732 0.975732
1630.695435 0.000000 1607.842407 0.000000 0.698536 0.000000 0.715575 0.898466 0.898466 0.898466
1630.812622 0.000000 1614.560059 0.000000 0.491024 0.000000 -0.871146 1.134649 1.134649 1.134649
1604.378418 0.000000 1608.208374 0.000000 0.023313 0.000000 -0.999728 1.000000 1.000000 1.000000
1631.233154 0.000000 1606.304810 0.000000 0.016485 0.000000 -0.999864 1.197901 1.197901 1.197901
1606.826172 0.000000 1611.890869 0.000000 0.161445 0.000000 0.986882 1.000000 1.000000 1.000000
1631.754761 0.000000 1617.788452 0.000000 0.999974 0.000000 -0.007205 1.000917 1.000917 1.000917
1630.315063 0.000000 1606.874268 0.000000 0.973684 0.000000 -0.227904 1.029275 1.029275 1.029275
1603.352783 0.000000 1607.983154 0.000000 0.453772 0.000000 0.891118 0.859969 0.859969 0.859969
1632.552002 0.000000 1607.537598 0.000000 0.763571 0.000000 0.645723 1.000000 1.000000 1.000000
1640.334106 0.000000 1608.318115 0.000000 0.772310 0.000000 0.635246 0.912360 0.912360 0.912360
1631.916138 0.000000 1612.048706 0.000000 0.923231 0.000000 0.384245 1.000000 1.000000 1.000000
1643.164673 0.000000 1606.769287 0.000000 0.997352 0.000000 0.072721 0.990733 0.990733 0.990733
1637.729736 0.000000 1607.323730 0.000000 0.364611 0.000000 0.931160 1.000000 1.000000 1.000000
1643.541626 0.000000 1602.260864 0.000000 0.997592 0.000000 0.069360 1.000000 1.000000 1.000000
1634.481445 0.000000 1611.772583 0.000000 0.999384 0.000000 -0.035106 1.004471 1.004471 1.004471
1647.339478 0.000000 1605.315552 0.000000 0.945932 0.000000 -0.324365 1.000000 1.000000 1.000000
1636.374512 0.000000 1608.208374 0.000000 0.972841 0.000000 -0.231475 1.029742 1.029742 1.029742
1644.598633 0.000000 1603.266357 0.000000 0.411377 0.000000 -0.911465 1.000000 1.000000 1.000000
1633.917603 0.000000 1607.556396 0.000000 0.320812 0.000000 -0.947143 1.000000 1.000000 1.000000
1633.105469 0.000000 1611.259766 0.000000 0.742825 0.000000 -0.669486 1.093394 1.093394 1.093394
1635.556274 0.000000 1604.345703 0.000000 0.146429 0.000000 0.989221 0.818711 0.818711 0.818711
1641.360718 0.000000 1609.283081 0.000000 0.316020 0.000000 -0.948752 1.159061 1.159061 1.159061
1638.411621 0.000000 1599.656616 0.000000 0.958427 0.000000 0.285339 0.963158 0.963158 0.963158
1637.437012 0.000000 1604.596191 0.000000 0.172543 0.000000 0.985002 0.822079 0.822079 0.822079
2046.837646 0.000000 1625.152466 0.000000 0.499591 0.000000 -0.866261 1.000000 1.000000 1.000000
2070.818848 0.000000 1614.752563 0.000000 0.768237 0.000000 0.640165 1.000000 1.000000 1.000000
2060.602295 0.000000 1627.505249 0.000000 0.156286 0.000000 0.987712 0.819981 0.819981 0.819981
2052.380615 0.000000 1627.022705 0.000000 0.309929 0.000000 -0.950760 1.000000 1.000000 1.000000
2057.224609 0.000000 1614.530762 0.000000 0.673256 0.000000 -0.739410 1.105958 1.105958 1.105958
2076.510010 0.000000 1630.776611 0.000000 0.999918 0.000000 -0.012845 1.000000 1.000000 1.000000
2064.222656 0.000000 1618.568237 0.000000 0.450412 0.000000 0.892821 0.859489 0.859489 0.859489
2061.099365 0.000000 1618.643799 0.000000 0.944431 0.000000 -0.328711 1.042646 1.042646 1.042646
2083.009277 0.000000 1627.549438 0.000000 0.459654 0.000000 0.888098 1.000000 1.000000 1.000000
2074.806396 0.000000 1639.492065 0.000000 0.925664 0.000000 0.378346 1.000000 1.000000 1.000000
2064.097656 0.000000 1634.624146 0.000000 0.509000 0.000000 -0.860766 1.000000 1.000000 1.000000
2066.993408 0.000000 1641.938354 0.000000 0.913631 0.000000 -0.406545 1.000000 1.000000 1.000000
2065.240479 0.000000 1633.454468 0.000000 0.343622 0.000000 0.939108 1.000000 1.000000 1.000000
2067.988037 0.000000 1642.942261 0.000000 0.532988 0.000000 0.846123 1.000000 1.000000 1.000000
2074.157959 0.000000 1637.065430 0.000000 0.982127 0.000000 0.188217 0.975892 0.975892 0.975892
2075.729736 0.000000 1636.596191 0.000000 0.734826 0.000000 -0.678256 1.094905 1.094905 1.094905
"}
object={
	name="oak_tree_generator_2_2"
	clamp_to_water_level=no
	render_under_water=no
	generated_content=yes
	layer="oak_tree_layer"
	pdxmesh="tree_oak_2_variation_2_mesh"
	count=106
	transform="1470.459351 0.000000 1169.794678 0.000000 0.080273 0.000000 0.996773 1.000000 1.000000 1.000000
1522.490479 0.000000 1424.221436 0.000000 0.272125 0.000000 -0.962262 1.164909 1.164909 1.164909
1520.359619 0.000000 1423.785889 0.000000 0.780785 0.000000 0.624800 1.000000 1.000000 1.000000
1520.688965 0.000000 1431.132812 0.000000 0.987662 0.000000 -0.156603 1.020022 1.020022 1.020022
1525.105103 0.000000 1421.374390 0.000000 0.090164 0.000000 -0.995927 1.000000 1.000000 1.000000
1532.678101 0.000000 1422.242920 0.000000 0.889851 0.000000 0.456252 1.000000 1.000000 1.000000
1512.740967 0.000000 1423.674316 0.000000 0.969047 0.000000 0.246876 0.968238 0.968238 0.968238
1535.849976 0.000000 1423.193970 0.000000 0.847472 0.000000 0.530841 1.000000 1.000000 1.000000
1645.473511 0.000000 1566.073608 0.000000 0.090972 0.000000 0.995853 0.811599 0.811599 0.811599
1628.124878 0.000000 1593.794312 0.000000 0.842449 0.000000 0.538777 1.000000 1.000000 1.000000
1612.312378 0.000000 1578.783325 0.000000 0.173040 0.000000 -0.984915 1.177856 1.177856 1.177856
1620.575562 0.000000 1575.823242 0.000000 0.480972 0.000000 -0.876736 1.136114 1.136114 1.136114
1626.141479 0.000000 1590.776855 0.000000 0.099665 0.000000 0.995021 1.000000 1.000000 1.000000
1622.278076 0.000000 1596.728027 0.000000 0.938609 0.000000 -0.344982 1.000000 1.000000 1.000000
1612.899414 0.000000 1581.536865 0.000000 0.388540 0.000000 0.921432 1.000000 1.000000 1.000000
1605.833984 0.000000 1590.444214 0.000000 0.070019 0.000000 -0.997546 1.191078 1.191078 1.191078
1630.695435 0.000000 1575.850220 0.000000 0.934426 0.000000 0.356158 0.953635 0.953635 0.953635
1618.448242 0.000000 1582.137085 0.000000 0.639809 0.000000 0.768534 0.888395 0.888395 0.888395
1628.564697 0.000000 1598.784424 0.000000 0.852588 0.000000 0.522584 0.929987 0.929987 0.929987
1610.913940 0.000000 1585.751221 0.000000 0.182957 0.000000 -0.983121 1.000000 1.000000 1.000000
1616.808960 0.000000 1582.200684 0.000000 0.788283 0.000000 0.615312 1.000000 1.000000 1.000000
1621.659424 0.000000 1576.955688 0.000000 0.377709 0.000000 -0.925924 1.000000 1.000000 1.000000
1611.345947 0.000000 1591.354004 0.000000 0.373361 0.000000 -0.927686 1.151282 1.151282 1.151282
1613.670044 0.000000 1578.326782 0.000000 0.466786 0.000000 0.884370 0.861835 0.861835 0.861835
1621.924438 0.000000 1575.384766 0.000000 0.837155 0.000000 0.546966 0.926313 0.926313 0.926313
1613.280151 0.000000 1579.740601 0.000000 0.071562 0.000000 -0.997436 1.190881 1.190881 1.190881
1629.703735 0.000000 1599.199951 0.000000 0.372569 0.000000 0.928004 0.848609 0.848609 0.848609
1610.071167 0.000000 1587.751587 0.000000 0.987281 0.000000 0.158982 0.979671 0.979671 0.979671
1620.394897 0.000000 1592.409424 0.000000 0.970866 0.000000 -0.239623 1.030810 1.030810 1.030810
1621.451904 0.000000 1592.515381 0.000000 0.645303 0.000000 0.763926 0.889308 0.889308 0.889308
1620.034790 0.000000 1593.249512 0.000000 0.649767 0.000000 -0.760133 1.109946 1.109946 1.109946
1632.552002 0.000000 1575.545410 0.000000 0.889737 0.000000 0.456474 1.000000 1.000000 1.000000
1635.884399 0.000000 1582.279419 0.000000 0.987625 0.000000 0.156831 1.000000 1.000000 1.000000
1654.622559 0.000000 1593.844849 0.000000 0.284108 0.000000 -0.958792 1.000000 1.000000 1.000000
1641.613525 0.000000 1586.726807 0.000000 0.793608 0.000000 0.608429 1.000000 1.000000 1.000000
1639.987183 0.000000 1598.687866 0.000000 0.987800 0.000000 -0.155725 1.019909 1.019909 1.019909
1644.653076 0.000000 1595.513062 0.000000 0.098485 0.000000 0.995139 0.812560 0.812560 0.812560
1639.485107 0.000000 1587.947144 0.000000 0.792639 0.000000 -0.609691 1.083483 1.083483 1.083483
1657.736206 0.000000 1588.470459 0.000000 0.850955 0.000000 0.525239 1.000000 1.000000 1.000000
1652.480347 0.000000 1589.379028 0.000000 0.888760 0.000000 -0.458373 1.000000 1.000000 1.000000
1639.692017 0.000000 1586.066406 0.000000 0.932032 0.000000 0.362375 0.952786 0.952786 0.952786
1652.421875 0.000000 1597.083374 0.000000 0.989553 0.000000 -0.144168 1.000000 1.000000 1.000000
1654.494385 0.000000 1590.814209 0.000000 0.933323 0.000000 0.359037 1.000000 1.000000 1.000000
1654.836060 0.000000 1588.060669 0.000000 0.716726 0.000000 -0.697355 1.098256 1.098256 1.098256
1648.453125 0.000000 1573.656738 0.000000 0.778698 0.000000 0.627399 0.913648 0.913648 0.913648
1634.049316 0.000000 1572.446411 0.000000 0.083737 0.000000 0.996488 0.810674 0.810674 0.810674
1639.165527 0.000000 1598.341431 0.000000 0.550086 0.000000 -0.835108 1.125838 1.125838 1.125838
1627.331421 0.000000 1599.985474 0.000000 0.195926 0.000000 0.980619 1.000000 1.000000 1.000000
1604.205444 0.000000 1609.773438 0.000000 0.988819 0.000000 0.149121 1.000000 1.000000 1.000000
1630.439819 0.000000 1617.685303 0.000000 0.377316 0.000000 -0.926085 1.150739 1.150739 1.150739
1603.217041 0.000000 1607.061157 0.000000 0.937236 0.000000 0.348696 0.954650 0.954650 0.954650
1606.603882 0.000000 1610.001099 0.000000 0.838393 0.000000 0.545066 1.000000 1.000000 1.000000
1630.811890 0.000000 1604.743286 0.000000 0.967089 0.000000 0.254437 1.000000 1.000000 1.000000
1602.798706 0.000000 1605.195435 0.000000 0.935636 0.000000 -0.352967 1.000000 1.000000 1.000000
1631.134277 0.000000 1611.767212 0.000000 0.970873 0.000000 0.239593 1.000000 1.000000 1.000000
1608.109009 0.000000 1611.119507 0.000000 0.471458 0.000000 0.881888 1.000000 1.000000 1.000000
1610.927368 0.000000 1611.210205 0.000000 0.786509 0.000000 0.617579 1.000000 1.000000 1.000000
1629.016235 0.000000 1601.757935 0.000000 0.848135 0.000000 -0.529780 1.071090 1.071090 1.071090
1612.309448 0.000000 1601.501831 0.000000 0.902085 0.000000 0.431558 0.943186 0.943186 0.943186
1613.569946 0.000000 1600.847900 0.000000 0.190902 0.000000 0.981609 0.824456 0.824456 0.824456
1631.462402 0.000000 1616.741699 0.000000 0.390077 0.000000 -0.920782 1.148979 1.148979 1.148979
1629.972656 0.000000 1600.988770 0.000000 0.998452 0.000000 -0.055625 1.007086 1.007086 1.007086
1645.984375 0.000000 1603.441772 0.000000 0.195701 0.000000 0.980664 1.000000 1.000000 1.000000
1641.620239 0.000000 1604.121216 0.000000 0.898891 0.000000 -0.438172 1.000000 1.000000 1.000000
1636.201538 0.000000 1609.773438 0.000000 0.279104 0.000000 0.960261 0.836015 0.836015 0.836015
1646.187134 0.000000 1607.264771 0.000000 0.298486 0.000000 0.954414 1.000000 1.000000 1.000000
1632.959595 0.000000 1604.340332 0.000000 0.988680 0.000000 -0.150038 1.019176 1.019176 1.019176
1644.530029 0.000000 1600.440674 0.000000 0.987484 0.000000 0.157717 0.979835 0.979835 0.979835
1634.794800 0.000000 1605.195435 0.000000 0.789949 0.000000 0.613173 0.915957 0.915957 0.915957
1639.821899 0.000000 1603.387329 0.000000 0.968133 0.000000 0.250436 1.000000 1.000000 1.000000
1634.545044 0.000000 1608.770508 0.000000 0.715165 0.000000 0.698956 1.000000 1.000000 1.000000
1645.465210 0.000000 1605.555664 0.000000 0.987166 0.000000 0.159697 1.000000 1.000000 1.000000
1634.744751 0.000000 1603.557007 0.000000 0.552570 0.000000 -0.833466 1.000000 1.000000 1.000000
1633.473511 0.000000 1606.140747 0.000000 0.965322 0.000000 0.261060 1.000000 1.000000 1.000000
1631.838257 0.000000 1615.147095 0.000000 0.997921 0.000000 -0.064454 1.008212 1.008212 1.008212
1639.004639 0.000000 1600.393433 0.000000 0.895082 0.000000 -0.445902 1.058847 1.058847 1.058847
1637.499146 0.000000 1609.007080 0.000000 0.392172 0.000000 0.919892 0.851310 0.851310 0.851310
1641.400024 0.000000 1607.485962 0.000000 0.932753 0.000000 0.360516 0.953040 0.953040 0.953040
1641.004517 0.000000 1600.690308 0.000000 0.474477 0.000000 -0.880268 1.137055 1.137055 1.137055
1642.076172 0.000000 1606.442871 0.000000 0.295955 0.000000 0.955202 0.838255 0.838255 0.838255
1639.361084 0.000000 1609.283691 0.000000 0.466496 0.000000 -0.884523 1.138206 1.138206 1.138206
1631.819092 0.000000 1617.932739 0.000000 0.715184 0.000000 -0.698936 1.098537 1.098537 1.098537
1639.183350 0.000000 1604.144043 0.000000 0.299602 0.000000 0.954064 0.838742 0.838742 0.838742
1640.746094 0.000000 1603.696411 0.000000 0.282455 0.000000 0.959281 0.836459 0.836459 0.836459
1640.249634 0.000000 1602.406128 0.000000 0.195195 0.000000 0.980764 0.825014 0.825014 0.825014
1639.192017 0.000000 1601.316895 0.000000 0.986488 0.000000 0.163835 0.979045 0.979045 0.979045
1637.111084 0.000000 1609.847900 0.000000 0.964894 0.000000 0.262639 0.966163 0.966163 0.966163
1638.166382 0.000000 1604.955811 0.000000 0.189748 0.000000 0.981833 0.824307 0.824307 0.824307
1638.384888 0.000000 1609.170776 0.000000 0.085295 0.000000 -0.996356 1.189127 1.189127 1.189127
1638.383301 0.000000 1601.818359 0.000000 0.571345 0.000000 -0.820710 1.122569 1.122569 1.122569
2047.433350 0.000000 1627.644287 0.000000 0.554746 0.000000 -0.832020 1.000000 1.000000 1.000000
2045.346191 0.000000 1627.390015 0.000000 0.289532 0.000000 -0.957168 1.000000 1.000000 1.000000
2059.236816 0.000000 1615.325317 0.000000 0.840862 0.000000 -0.541249 1.072819 1.072819 1.072819
2067.226074 0.000000 1625.803589 0.000000 0.561757 0.000000 0.827302 1.000000 1.000000 1.000000
2070.357910 0.000000 1617.804199 0.000000 0.967972 0.000000 -0.251059 1.000000 1.000000 1.000000
2071.871338 0.000000 1623.708862 0.000000 0.784286 0.000000 -0.620400 1.000000 1.000000 1.000000
2066.993408 0.000000 1609.946167 0.000000 0.963750 0.000000 -0.266806 1.000000 1.000000 1.000000
2072.700684 0.000000 1615.952393 0.000000 0.391399 0.000000 0.920221 1.000000 1.000000 1.000000
2072.464355 0.000000 1621.862183 0.000000 0.937733 0.000000 0.347357 1.000000 1.000000 1.000000
2068.928711 0.000000 1625.371704 0.000000 0.898099 0.000000 0.439793 1.000000 1.000000 1.000000
2079.227295 0.000000 1630.936890 0.000000 0.714043 0.000000 0.700101 1.000000 1.000000 1.000000
2061.887451 0.000000 1627.119507 0.000000 0.713746 0.000000 -0.700405 1.098799 1.098799 1.098799
2058.344727 0.000000 1614.309937 0.000000 0.709392 0.000000 -0.704814 1.099588 1.099588 1.099588
2080.396240 0.000000 1627.882324 0.000000 0.999197 0.000000 0.040076 1.000000 1.000000 1.000000
2064.644775 0.000000 1642.057495 0.000000 0.188064 0.000000 0.982157 1.000000 1.000000 1.000000
2065.297607 0.000000 1644.406128 0.000000 0.938382 0.000000 0.345601 0.955070 0.955070 0.955070
"}
