object={
	name="rock_red_generator_1_0"
	clamp_to_water_level=no
	render_under_water=no
	generated_content=yes
	layer="rock_layer"
	pdxmesh="rock_Lshape_red_mesh"
	count=27
	transform="2809.046875 0.000000 2015.566650 0.000000 0.433152 0.000000 0.901321 0.329569 0.329569 0.329569
2677.832520 0.000000 2110.824951 0.000000 0.988798 0.000000 0.149260 0.478418 0.478418 0.478418
2582.809082 0.000000 2169.833008 0.000000 0.144762 0.000000 -0.989466 0.695383 0.695383 0.695383
2676.358154 0.000000 2112.402344 0.000000 0.164739 0.000000 0.986337 0.519084 0.519084 0.519084
2676.489746 0.000000 2113.329590 0.000000 0.997546 0.000000 -0.070007 0.960162 0.960162 0.960162
2722.959229 0.000000 2079.384521 0.000000 0.761305 0.000000 -0.648394 0.948433 0.948433 0.948433
2765.357422 0.000000 2052.779541 0.000000 0.658810 0.000000 0.752309 0.696066 0.696066 0.696066
2765.036377 0.000000 2054.335938 0.000000 0.593900 0.000000 -0.804539 0.749080 0.749080 0.749080
2759.838379 0.000000 2150.282959 0.000000 0.825005 0.000000 -0.565125 0.950602 0.950602 0.950602
2583.757812 0.000000 2238.569092 0.000000 0.942728 0.000000 -0.333563 0.547800 0.547800 0.547800
2643.085449 0.000000 2182.784912 0.000000 0.072757 0.000000 0.997350 0.272876 0.272876 0.272876
2648.153076 0.000000 2215.654785 0.000000 0.481539 0.000000 0.876425 0.513704 0.513704 0.513704
2649.858887 0.000000 2214.405518 0.000000 0.799913 0.000000 0.600116 0.618947 0.618947 0.618947
2637.292236 0.000000 2229.386230 0.000000 0.266620 0.000000 -0.963802 1.261593 1.261593 1.261593
2649.506104 0.000000 2213.256836 0.000000 0.426070 0.000000 0.904690 0.483215 0.483215 0.483215
2676.703369 0.000000 2235.738770 0.000000 0.962575 0.000000 -0.271015 0.606838 0.606838 0.606838
2655.807861 0.000000 2296.074463 0.000000 0.997805 0.000000 -0.066225 0.963033 0.963033 0.963033
2655.795166 0.000000 2298.501709 0.000000 0.659765 0.000000 0.751472 0.616367 0.616367 0.616367
2745.294434 0.000000 2209.122803 0.000000 0.994784 0.000000 0.102007 0.885902 0.885902 0.885902
2744.308105 0.000000 2210.355957 0.000000 0.964090 0.000000 0.265576 0.744101 0.744101 0.744101
2786.441162 0.000000 2204.746826 0.000000 0.306061 0.000000 -0.952012 0.661654 0.661654 0.661654
2788.212158 0.000000 2204.351074 0.000000 0.039816 0.000000 -0.999207 1.402750 1.402750 1.402750
2788.248535 0.000000 2207.126709 0.000000 0.824668 0.000000 -0.565617 0.876002 0.876002 0.876002
2744.326660 0.000000 2265.094238 0.000000 0.562060 0.000000 -0.827096 1.163596 1.163596 1.163596
2705.041992 0.000000 2277.653320 0.000000 0.322477 0.000000 0.946577 0.336843 0.336843 0.336843
2689.458984 0.000000 2278.020508 0.000000 0.999819 0.000000 -0.019009 0.510803 0.510803 0.510803
2850.536377 0.000000 2165.898438 0.000000 0.943104 0.000000 -0.332497 0.547726 0.547726 0.547726
"}
object={
	name="rock_red_generator_1_1"
	clamp_to_water_level=no
	render_under_water=no
	generated_content=yes
	layer="rock_layer"
	pdxmesh="rock_jagged_red_mesh"
	count=10
	transform="2584.346191 0.000000 2169.117676 0.000000 0.898550 0.000000 -0.438871 1.061581 1.061581 1.061581
2585.929932 0.000000 2169.980713 0.000000 0.782966 0.000000 -0.622064 1.125653 1.125653 1.125653
2722.468994 0.000000 2078.220215 0.000000 0.544802 0.000000 -0.838565 1.019723 1.019723 1.019723
2733.324219 0.000000 2132.295654 0.000000 0.554681 0.000000 -0.832063 0.646237 0.646237 0.646237
2580.369873 0.000000 2240.371094 0.000000 0.732499 0.000000 0.680768 0.394190 0.394190 0.394190
2669.332031 0.000000 2292.256592 0.000000 0.236625 0.000000 0.971601 0.410006 0.410006 0.410006
2666.116943 0.000000 2292.548340 0.000000 0.999438 0.000000 0.033534 0.494909 0.494909 0.494909
2745.910400 0.000000 2265.957275 0.000000 0.300707 0.000000 -0.953717 1.245996 1.245996 1.245996
2707.077637 0.000000 2278.761475 0.000000 0.412416 0.000000 -0.910996 0.736706 0.736706 0.736706
2852.338623 0.000000 2164.975342 0.000000 0.498111 0.000000 -0.867113 0.646972 0.646972 0.646972
"}
object={
	name="rock_red_generator_1_2"
	clamp_to_water_level=no
	render_under_water=no
	generated_content=yes
	layer="rock_layer"
	pdxmesh="rock_jagged_2_red_mesh"
	count=18
	transform="2808.393799 0.000000 2016.383179 0.000000 0.939556 0.000000 -0.342396 0.790940 0.790940 0.790940
2764.575195 0.000000 2055.803467 0.000000 0.174708 0.000000 0.984620 0.323765 0.323765 0.323765
2764.723389 0.000000 2053.430664 0.000000 0.177363 0.000000 0.984145 0.531648 0.531648 0.531648
2732.500732 0.000000 2135.997803 0.000000 0.999952 0.000000 -0.009790 0.879202 0.879202 0.879202
2760.021240 0.000000 2153.631836 0.000000 0.526386 0.000000 0.850246 0.347743 0.347743 0.347743
2637.335938 0.000000 2228.272217 0.000000 0.441855 0.000000 0.897087 0.576047 0.576047 0.576047
2648.605957 0.000000 2214.215820 0.000000 0.813953 0.000000 -0.580931 0.932025 0.932025 0.932025
2649.246094 0.000000 2212.303467 0.000000 0.582926 0.000000 -0.812525 0.982813 0.982813 0.982813
2654.627197 0.000000 2298.858643 0.000000 0.782106 0.000000 -0.623145 1.026072 1.026072 1.026072
2668.259033 0.000000 2293.180176 0.000000 0.137241 0.000000 0.990538 0.387074 0.387074 0.387074
2744.401611 0.000000 2208.336182 0.000000 0.955727 0.000000 -0.294256 1.002742 1.002742 1.002742
2789.807129 0.000000 2206.081299 0.000000 0.293773 0.000000 0.955875 0.437435 0.437435 0.437435
2788.605469 0.000000 2203.000732 0.000000 0.029966 0.000000 -0.999551 0.710417 0.710417 0.710417
2744.937012 0.000000 2265.870117 0.000000 0.996629 0.000000 0.082039 0.865014 0.865014 0.865014
2688.423096 0.000000 2279.373535 0.000000 0.810956 0.000000 0.585108 0.410533 0.410533 0.410533
2868.955078 0.000000 2141.362549 0.000000 0.696941 0.000000 0.717129 0.670910 0.670910 0.670910
2850.581299 0.000000 2163.895508 0.000000 0.991051 0.000000 -0.133485 0.582247 0.582247 0.582247
2883.285156 0.000000 2127.696045 0.000000 0.706844 0.000000 -0.707369 0.655548 0.655548 0.655548
"}
object={
	name="rock_red_generator_1_3"
	clamp_to_water_level=no
	render_under_water=no
	generated_content=yes
	layer="rock_layer"
	pdxmesh="rock_S_red_mesh"
	count=44
	transform="2769.753174 0.000000 1997.038086 0.000000 0.244793 0.000000 0.969575 0.317280 0.317280 0.317280
2767.757568 0.000000 1995.811890 0.000000 0.230098 0.000000 -0.973167 0.840690 0.840690 0.840690
2767.229736 0.000000 1994.496704 0.000000 0.440173 0.000000 -0.897913 0.798845 0.798845 0.798845
2811.187012 0.000000 2015.883911 0.000000 0.232400 0.000000 0.972620 0.300506 0.300506 0.300506
2585.253662 0.000000 2171.078613 0.000000 0.501175 0.000000 0.865346 0.401567 0.401567 0.401567
2583.250000 0.000000 2171.381104 0.000000 0.090410 0.000000 -0.995905 0.713972 0.713972 0.713972
2677.858643 0.000000 2111.659912 0.000000 0.239259 0.000000 -0.970956 0.691472 0.691472 0.691472
2723.004395 0.000000 2080.342529 0.000000 0.875328 0.000000 0.483530 0.428812 0.428812 0.428812
2722.067383 0.000000 2079.493896 0.000000 0.936348 0.000000 0.351072 0.686074 0.686074 0.686074
2815.264893 0.000000 2087.475830 0.000000 0.996281 0.000000 0.086166 0.764682 0.764682 0.764682
2732.873535 0.000000 2134.475830 0.000000 0.708406 0.000000 0.705805 0.657866 0.657866 0.657866
2733.905029 0.000000 2134.825439 0.000000 0.957566 0.000000 0.288213 0.794905 0.794905 0.794905
2759.174805 0.000000 2149.477295 0.000000 0.143396 0.000000 0.989665 0.298016 0.298016 0.298016
2759.171875 0.000000 2151.076172 0.000000 0.934021 0.000000 -0.357218 0.890831 0.890831 0.890831
2761.621338 0.000000 2152.640869 0.000000 0.444040 0.000000 0.896007 0.333626 0.333626 0.333626
2761.166260 0.000000 2151.451660 0.000000 0.190224 0.000000 0.981741 0.353051 0.353051 0.353051
2758.227783 0.000000 2150.826660 0.000000 0.971158 0.000000 0.238436 0.736882 0.736882 0.736882
2580.684570 0.000000 2239.356201 0.000000 0.043702 0.000000 0.999045 0.343618 0.343618 0.343618
2636.262939 0.000000 2229.195801 0.000000 0.128499 0.000000 -0.991710 1.301643 1.301643 1.301643
2678.797363 0.000000 2233.817383 0.000000 0.627028 0.000000 0.778997 0.366894 0.366894 0.366894
2675.004395 0.000000 2232.472168 0.000000 0.936446 0.000000 -0.350812 0.550649 0.550649 0.550649
2679.238281 0.000000 2235.365479 0.000000 0.984971 0.000000 0.172718 0.513809 0.513809 0.513809
2678.332275 0.000000 2232.255615 0.000000 0.545392 0.000000 0.838181 0.351859 0.351859 0.351859
2677.802979 0.000000 2234.849121 0.000000 0.291386 0.000000 -0.956605 0.781905 0.781905 0.781905
2582.511475 0.000000 2268.801270 0.000000 0.920248 0.000000 0.391336 0.481845 0.481845 0.481845
2655.633057 0.000000 2299.439697 0.000000 0.866803 0.000000 -0.498651 0.985529 0.985529 0.985529
2655.063721 0.000000 2296.511230 0.000000 0.820754 0.000000 0.571282 0.760590 0.760590 0.760590
2655.764893 0.000000 2297.568604 0.000000 0.741988 0.000000 0.670413 0.722553 0.722553 0.722553
2669.432129 0.000000 2295.844727 0.000000 0.540012 0.000000 0.841658 0.584021 0.584021 0.584021
2655.707031 0.000000 2299.786377 0.000000 0.030023 0.000000 0.999549 0.430626 0.430626 0.430626
2668.508545 0.000000 2295.958740 0.000000 0.835523 0.000000 -0.549455 1.015523 1.015523 1.015523
2743.419922 0.000000 2208.021973 0.000000 0.997721 0.000000 0.067481 0.491098 0.491098 0.491098
2745.100342 0.000000 2211.180420 0.000000 0.134567 0.000000 -0.990905 1.185627 1.185627 1.185627
2789.016113 0.000000 2205.270264 0.000000 0.393835 0.000000 0.919181 0.593094 0.593094 0.593094
2744.626465 0.000000 2264.157471 0.000000 0.999942 0.000000 0.010767 0.885191 0.885191 0.885191
2689.523193 0.000000 2281.607910 0.000000 0.581756 0.000000 -0.813363 0.643001 0.643001 0.643001
2689.754395 0.000000 2279.365234 0.000000 0.348586 0.000000 0.937277 0.318718 0.318718 0.318718
2706.290771 0.000000 2277.854004 0.000000 0.591024 0.000000 0.806654 0.518394 0.518394 0.518394
2815.828857 0.000000 2089.170166 0.000000 0.807215 0.000000 0.590257 0.409365 0.409365 0.409365
2815.908203 0.000000 2086.001953 0.000000 0.040566 0.000000 0.999177 0.403293 0.403293 0.403293
2852.865479 0.000000 2162.794678 0.000000 0.386376 0.000000 -0.922341 0.679096 0.679096 0.679096
2851.923584 0.000000 2163.759277 0.000000 0.973529 0.000000 0.228562 0.518480 0.518480 0.518480
2882.982422 0.000000 2129.877686 0.000000 0.875382 0.000000 -0.483432 0.571298 0.571298 0.571298
2885.982178 0.000000 2126.841797 0.000000 0.674713 0.000000 0.738080 0.374810 0.374810 0.374810
"}
object={
	name="rock_red_generator_1_4"
	clamp_to_water_level=no
	render_under_water=no
	generated_content=yes
	layer="rock_layer"
	pdxmesh="rock_M_red_mesh"
	count=20
	transform="2769.150146 0.000000 1995.809204 0.000000 0.313781 0.000000 0.949496 0.341886 0.341886 0.341886
2811.545410 0.000000 2017.755005 0.000000 0.652441 0.000000 -0.757840 0.631183 0.631183 0.631183
2584.645996 0.000000 2168.180908 0.000000 0.886278 0.000000 -0.463153 1.069613 1.069613 1.069613
2722.448975 0.000000 2076.778076 0.000000 0.213187 0.000000 0.977011 0.321599 0.321599 0.321599
2733.424316 0.000000 2135.883789 0.000000 0.353925 0.000000 0.935274 0.539164 0.539164 0.539164
2758.500977 0.000000 2151.776611 0.000000 0.476746 0.000000 -0.879041 1.070822 1.070822 1.070822
2649.427979 0.000000 2215.523926 0.000000 0.288492 0.000000 -0.957482 1.095133 1.095133 1.095133
2675.085449 0.000000 2234.383057 0.000000 0.451874 0.000000 0.892082 0.350894 0.350894 0.350894
2676.848877 0.000000 2233.712646 0.000000 0.942583 0.000000 0.333971 0.461677 0.461677 0.461677
2652.000000 0.000000 2297.622314 0.000000 0.764850 0.000000 -0.644209 0.591747 0.591747 0.591747
2654.093018 0.000000 2296.336182 0.000000 0.999985 0.000000 0.005516 0.941481 0.941481 0.941481
2666.939697 0.000000 2293.642334 0.000000 0.977709 0.000000 -0.209962 0.532109 0.532109 0.532109
2789.351074 0.000000 2207.854492 0.000000 0.846501 0.000000 0.532386 0.603894 0.603894 0.603894
2788.191162 0.000000 2207.536865 0.000000 0.690897 0.000000 -0.722953 0.924423 0.924423 0.924423
2745.234131 0.000000 2267.055176 0.000000 0.051644 0.000000 0.998666 0.270170 0.270170 0.270170
2745.915527 0.000000 2264.655029 0.000000 0.822425 0.000000 0.568874 0.717143 0.717143 0.717143
2707.502686 0.000000 2277.333252 0.000000 0.316690 0.000000 0.948529 0.445430 0.445430 0.445430
2706.094482 0.000000 2276.353516 0.000000 0.719646 0.000000 0.694341 0.558622 0.558622 0.558622
2850.016113 0.000000 2162.593262 0.000000 0.219504 0.000000 -0.975612 0.794916 0.794916 0.794916
2884.537109 0.000000 2128.442383 0.000000 0.603264 0.000000 0.797541 0.371390 0.371390 0.371390
"}
object={
	name="rock_red_generator_1_5"
	clamp_to_water_level=no
	render_under_water=no
	generated_content=yes
	layer="rock_layer"
	pdxmesh="rock_L_red_mesh"
	count=42
	transform="2766.995850 0.000000 1997.717773 0.000000 0.221539 0.000000 -0.975152 0.687367 0.687367 0.687367
2811.924805 0.000000 2014.656250 0.000000 0.012524 0.000000 0.999922 0.267360 0.267360 0.267360
2809.286621 0.000000 2017.169800 0.000000 0.570552 0.000000 -0.821261 0.930084 0.930084 0.930084
2585.935059 0.000000 2168.678467 0.000000 0.887949 0.000000 -0.459941 1.068544 1.068544 1.068544
2584.131836 0.000000 2170.392578 0.000000 0.679953 0.000000 0.733256 0.444247 0.444247 0.444247
2584.956543 0.000000 2169.893555 0.000000 0.005957 0.000000 0.999982 0.465484 0.465484 0.465484
2677.168701 0.000000 2115.457764 0.000000 0.553126 0.000000 0.833098 0.355697 0.355697 0.355697
2677.351807 0.000000 2113.605713 0.000000 0.561445 0.000000 0.827514 0.647828 0.647828 0.647828
2677.407227 0.000000 2112.626709 0.000000 0.563133 0.000000 -0.826367 1.229993 1.229993 1.229993
2720.478760 0.000000 2079.354004 0.000000 0.323203 0.000000 -0.946330 0.680106 0.680106 0.680106
2720.183594 0.000000 2079.696045 0.000000 0.550219 0.000000 0.835020 0.356667 0.356667 0.356667
2765.982910 0.000000 2055.308350 0.000000 0.683139 0.000000 0.730289 0.428984 0.428984 0.428984
2764.349121 0.000000 2052.593262 0.000000 0.901362 0.000000 0.433067 0.818763 0.818763 0.818763
2814.595703 0.000000 2088.501221 0.000000 0.314634 0.000000 0.949213 0.320457 0.320457 0.320457
2814.721924 0.000000 2086.417969 0.000000 0.994400 0.000000 0.105679 0.759776 0.759776 0.759776
2732.251221 0.000000 2133.219238 0.000000 0.380772 0.000000 0.924669 0.324398 0.324398 0.324398
2760.197510 0.000000 2152.185303 0.000000 0.993898 0.000000 -0.110305 0.516557 0.516557 0.516557
2761.454346 0.000000 2148.364014 0.000000 0.998569 0.000000 -0.053486 0.507107 0.507107 0.507107
2760.891357 0.000000 2150.143555 0.000000 0.363535 0.000000 -0.931581 0.869576 0.869576 0.869576
2581.844238 0.000000 2238.793701 0.000000 0.799747 0.000000 -0.600338 0.805674 0.805674 0.805674
2640.574463 0.000000 2185.924805 0.000000 0.974475 0.000000 0.224494 0.466931 0.466931 0.466931
2642.077637 0.000000 2183.834229 0.000000 0.753120 0.000000 0.657884 0.393177 0.393177 0.393177
2640.392578 0.000000 2183.132080 0.000000 0.725190 0.000000 0.688549 0.640794 0.640794 0.640794
2641.466797 0.000000 2182.748779 0.000000 0.959761 0.000000 0.280817 0.768528 0.768528 0.768528
2641.143799 0.000000 2183.671875 0.000000 0.319427 0.000000 0.947611 0.510009 0.510009 0.510009
2636.885254 0.000000 2230.452393 0.000000 0.365670 0.000000 0.930745 0.328249 0.328249 0.328249
2648.530762 0.000000 2213.090820 0.000000 0.887413 0.000000 -0.460975 0.870025 0.870025 0.870025
2583.439453 0.000000 2240.014160 0.000000 0.328413 0.000000 0.944534 0.336433 0.336433 0.336433
2583.757812 0.000000 2270.561279 0.000000 0.111220 0.000000 -0.993796 0.808017 0.808017 0.808017
2581.870361 0.000000 2239.628662 0.000000 0.826702 0.000000 -0.562640 0.795810 0.795810 0.795810
2655.031250 0.000000 2297.598145 0.000000 0.988708 0.000000 -0.149854 0.988295 0.988295 0.988295
2668.881348 0.000000 2294.436768 0.000000 0.172201 0.000000 -0.985062 1.238091 1.238091 1.238091
2669.912842 0.000000 2294.786377 0.000000 0.998545 0.000000 0.053931 0.842146 0.842146 0.842146
2669.288330 0.000000 2293.370605 0.000000 0.267325 0.000000 0.963607 0.417194 0.417194 0.417194
2743.809814 0.000000 2211.762207 0.000000 0.511459 0.000000 -0.859307 0.639902 0.639902 0.639902
2789.709961 0.000000 2204.378418 0.000000 0.977464 0.000000 -0.211100 1.006992 1.006992 1.006992
2691.976074 0.000000 2281.880371 0.000000 0.993323 0.000000 -0.115363 0.516280 0.516280 0.516280
2690.969238 0.000000 2278.940674 0.000000 0.467009 0.000000 -0.884253 0.653300 0.653300 0.653300
2706.069824 0.000000 2279.810791 0.000000 0.993942 0.000000 0.109909 0.524530 0.524530 0.524530
2869.801514 0.000000 2141.759033 0.000000 0.598128 0.000000 0.801401 0.633680 0.633680 0.633680
2883.732178 0.000000 2126.146484 0.000000 0.947465 0.000000 0.319861 0.474374 0.474374 0.474374
2882.330811 0.000000 2126.603516 0.000000 0.994578 0.000000 -0.103997 0.544435 0.544435 0.544435
"}
