object={
	name="tree_india_generator_1_0"
	clamp_to_water_level=no
	render_under_water=no
	generated_content=yes
	layer="tree_layer"
	pdxmesh="tree_india_01_mesh"
	count=33
	transform="1816.962280 0.000000 1245.899414 0.000000 0.848137 0.000000 -0.529778 0.853969 0.853969 0.853969
1817.369141 0.000000 1242.985840 0.000000 0.764810 0.000000 -0.644256 0.852831 0.852831 0.852831
1814.254639 0.000000 1244.813965 0.000000 0.981054 0.000000 -0.193736 0.788824 0.788824 0.788824
1822.789185 0.000000 1230.653809 0.000000 0.492560 0.000000 0.870278 0.545695 0.545695 0.545695
1819.670166 0.000000 1233.348755 0.000000 0.386896 0.000000 -0.922123 0.898650 0.898650 0.898650
1801.255859 0.000000 1230.624512 0.000000 0.406741 0.000000 0.913543 0.527736 0.527736 0.527736
1806.829102 0.000000 1235.489380 0.000000 0.998917 0.000000 -0.046522 0.755529 0.755529 0.755529
1805.254272 0.000000 1240.453735 0.000000 0.998193 0.000000 0.060089 0.739581 0.739581 0.739581
1813.635986 0.000000 1225.041626 0.000000 0.601605 0.000000 -0.798794 0.877080 0.877080 0.877080
1818.598633 0.000000 1235.329468 0.000000 0.981392 0.000000 0.192013 0.716409 0.716409 0.716409
1812.370117 0.000000 1225.674194 0.000000 0.995919 0.000000 -0.090248 0.762412 0.762412 0.762412
1798.925537 0.000000 1239.223999 0.000000 0.785174 0.000000 0.619276 0.651528 0.651528 0.651528
1800.875977 0.000000 1233.803955 0.000000 0.675050 0.000000 0.737772 0.673327 0.673327 0.673327
1800.465942 0.000000 1232.835449 0.000000 0.271309 0.000000 -0.962492 0.869759 0.869759 0.869759
1842.379883 0.000000 1238.661987 0.000000 0.309945 0.000000 0.950754 0.525351 0.525351 0.525351
1823.892700 0.000000 1228.142456 0.000000 0.305027 0.000000 -0.952344 1.000362 1.000362 1.000362
1825.158691 0.000000 1230.474243 0.000000 0.718098 0.000000 -0.695942 0.869120 0.869120 0.869120
1834.662720 0.000000 1242.876221 0.000000 0.609371 0.000000 0.792885 0.602146 0.602146 0.602146
1825.259644 0.000000 1228.912109 0.000000 0.705736 0.000000 0.708475 0.616657 0.616657 0.616657
1834.171753 0.000000 1241.287109 0.000000 0.529029 0.000000 -0.848603 0.900558 0.900558 0.900558
1836.540405 0.000000 1235.443726 0.000000 0.587049 0.000000 0.809551 0.616724 0.616724 0.616724
1835.471558 0.000000 1234.850342 0.000000 0.922413 0.000000 0.386205 0.691088 0.691088 0.691088
1837.660034 0.000000 1235.434204 0.000000 0.999311 0.000000 -0.037107 0.755243 0.755243 0.755243
1815.556396 0.000000 1248.409424 0.000000 0.578468 0.000000 0.815705 0.566470 0.566470 0.566470
1808.128906 0.000000 1250.717896 0.000000 0.481690 0.000000 -0.876342 0.952514 0.952514 0.952514
1817.391113 0.000000 1249.419922 0.000000 0.507697 0.000000 0.861535 0.551410 0.551410 0.551410
1814.543213 0.000000 1250.158325 0.000000 0.761028 0.000000 0.648719 0.637586 0.637586 0.637586
1816.309692 0.000000 1250.571289 0.000000 0.242176 0.000000 -0.970232 0.963428 0.963428 0.963428
1806.853516 0.000000 1250.022339 0.000000 0.909055 0.000000 0.416677 0.679626 0.679626 0.679626
1807.532104 0.000000 1251.991333 0.000000 0.408354 0.000000 0.912824 0.561672 0.561672 0.561672
1814.583618 0.000000 1251.405640 0.000000 0.406755 0.000000 0.913537 0.566562 0.566562 0.566562
1825.861816 0.000000 1248.322144 0.000000 0.300551 0.000000 -0.953766 0.950111 0.950111 0.950111
1827.819336 0.000000 1248.364258 0.000000 0.906439 0.000000 0.422337 0.670522 0.670522 0.670522
"}
object={
	name="tree_india_generator_1_1"
	clamp_to_water_level=no
	render_under_water=no
	generated_content=yes
	layer="tree_layer"
	pdxmesh="tree_india_02_mesh"
	count=8
	transform="1803.616821 0.000000 1240.910889 0.000000 0.637399 0.000000 0.770534 0.592124 0.592124 0.592124
1802.666626 0.000000 1242.876221 0.000000 0.807615 0.000000 0.589710 0.633974 0.633974 0.633974
1815.597168 0.000000 1243.471313 0.000000 0.320723 0.000000 0.947173 0.527383 0.527383 0.527383
1801.871948 0.000000 1233.684326 0.000000 0.937974 0.000000 -0.346705 0.782716 0.782716 0.782716
1835.612915 0.000000 1240.910889 0.000000 0.966482 0.000000 0.256733 0.711424 0.711424 0.711424
1826.566284 0.000000 1247.671997 0.000000 0.827057 0.000000 -0.562117 0.866523 0.866523 0.866523
1835.281982 0.000000 1235.972778 0.000000 0.999678 0.000000 0.025362 0.746231 0.746231 0.746231
1843.392456 0.000000 1240.052124 0.000000 0.748094 0.000000 -0.663593 0.854140 0.854140 0.854140
"}
object={
	name="tree_india_generator_1_2"
	clamp_to_water_level=no
	render_under_water=no
	generated_content=yes
	layer="tree_layer"
	pdxmesh="tree_india_03_mesh"
	count=7
	transform="1799.465576 0.000000 1236.033081 0.000000 0.331608 0.000000 -0.943417 0.994101 0.994101 0.994101
1807.144531 0.000000 1237.800171 0.000000 0.092747 0.000000 0.995690 0.475626 0.475626 0.475626
1818.239502 0.000000 1232.609619 0.000000 0.736725 0.000000 0.676192 0.655938 0.655938 0.655938
1797.354248 0.000000 1239.953125 0.000000 0.744227 0.000000 0.667927 0.627360 0.627360 0.627360
1843.253418 0.000000 1241.897339 0.000000 0.885686 0.000000 -0.464284 0.819295 0.819295 0.819295
1837.924438 0.000000 1234.368774 0.000000 0.972064 0.000000 -0.234715 0.783471 0.783471 0.783471
1806.533569 0.000000 1248.557129 0.000000 0.098255 0.000000 -0.995161 0.991918 0.991918 0.991918
"}
object={
	name="tree_india_generator_1_3"
	clamp_to_water_level=no
	render_under_water=no
	generated_content=yes
	layer="tree_layer"
	pdxmesh="tree_india_04_mesh"
	count=1
	transform="1825.520020 0.000000 1246.353882 0.000000 0.931128 0.000000 -0.364693 0.817416 0.817416 0.817416
"}
object={
	name="tree_india_generator_1_4"
	clamp_to_water_level=no
	render_under_water=no
	generated_content=yes
	layer="tree_layer"
	pdxmesh="tree_india_05_mesh"
	count=1
	transform="1807.300415 0.000000 1234.563721 0.000000 0.210215 0.000000 -0.977655 0.911455 0.911455 0.911455
"}
object={
	name="tree_india_generator_1_5"
	clamp_to_water_level=no
	render_under_water=no
	generated_content=yes
	layer="tree_layer"
	pdxmesh="tree_palm_mesh"
	count=9
	transform="1804.633545 0.000000 1243.598999 0.000000 0.437168 0.000000 -0.899380 0.950083 0.950083 0.950083
1797.810547 0.000000 1238.530151 0.000000 0.470106 0.000000 0.882610 0.568679 0.568679 0.568679
1801.555542 0.000000 1232.766724 0.000000 0.318097 0.000000 -0.948058 0.865234 0.865234 0.865234
1807.770386 0.000000 1235.656372 0.000000 0.926401 0.000000 -0.376539 0.795865 0.795865 0.795865
1832.818115 0.000000 1241.925171 0.000000 0.999821 0.000000 -0.018915 0.753693 0.753693 0.753693
1836.480957 0.000000 1234.068481 0.000000 0.872405 0.000000 -0.488783 0.822148 0.822148 0.822148
1840.994019 0.000000 1241.700562 0.000000 0.464234 0.000000 0.885712 0.548620 0.548620 0.548620
1842.154419 0.000000 1241.399048 0.000000 0.829239 0.000000 0.558894 0.664885 0.664885 0.664885
1824.043335 0.000000 1247.770264 0.000000 0.355256 0.000000 0.934769 0.531913 0.531913 0.531913
"}
