object={
	name="tree_africa_generator_1_0"
	clamp_to_water_level=no
	render_under_water=no
	generated_content=yes
	layer="tree_layer"
	pdxmesh="tree_olive_01_mesh"
	count=41
	transform="2592.671631 0.000000 2037.013550 0.000000 0.799080 0.000000 -0.601225 0.903990 0.903990 0.903990
2595.741943 0.000000 2040.352295 0.000000 0.562821 0.000000 -0.826579 0.982287 0.982287 0.982287
2603.666748 0.000000 2027.473633 0.000000 0.983415 0.000000 0.181370 0.706460 0.706460 0.706460
2601.277588 0.000000 2026.466553 0.000000 0.580857 0.000000 0.814006 0.522962 0.522962 0.522962
2622.766846 0.000000 2026.913208 0.000000 0.033847 0.000000 -0.999427 1.116918 1.116918 1.116918
2597.587158 0.000000 2041.510742 0.000000 0.245695 0.000000 -0.969347 1.065738 1.065738 1.065738
2620.985352 0.000000 2027.038452 0.000000 0.952236 0.000000 0.305363 0.675917 0.675917 0.675917
2646.371338 0.000000 2030.369507 0.000000 0.671710 0.000000 -0.740815 0.949170 0.949170 0.949170
2639.011475 0.000000 2029.709961 0.000000 0.732756 0.000000 -0.680492 0.928675 0.928675 0.928675
2648.519043 0.000000 2030.718506 0.000000 0.594389 0.000000 -0.804177 0.973045 0.973045 0.973045
2638.852051 0.000000 2028.503906 0.000000 0.876775 0.000000 0.480901 0.630232 0.630232 0.630232
2750.505371 0.000000 1970.277832 0.000000 0.298153 0.000000 -0.954518 1.052722 1.052722 1.052722
2751.187012 0.000000 1971.711914 0.000000 0.685287 0.000000 0.728273 0.555242 0.555242 0.555242
2751.694336 0.000000 1968.147461 0.000000 0.965172 0.000000 -0.261616 0.813191 0.813191 0.813191
2751.819824 0.000000 1970.679810 0.000000 0.098216 0.000000 -0.995165 1.101515 1.101515 1.101515
2775.734375 0.000000 1982.631714 0.000000 0.748998 0.000000 0.662572 0.577099 0.577099 0.577099
2791.880859 0.000000 1974.202515 0.000000 0.495168 0.000000 0.868797 0.498670 0.498670 0.498670
2790.082275 0.000000 1975.822266 0.000000 0.107874 0.000000 0.994165 0.400803 0.400803 0.400803
2791.768066 0.000000 1976.561035 0.000000 0.982850 0.000000 -0.184405 0.794277 0.794277 0.794277
2792.571777 0.000000 1953.034180 0.000000 0.891229 0.000000 -0.453554 0.862383 0.862383 0.862383
2775.591064 0.000000 2002.593994 0.000000 0.942623 0.000000 0.333860 0.668737 0.668737 0.668737
2774.120117 0.000000 2003.766235 0.000000 0.543738 0.000000 -0.839255 0.987756 0.987756 0.987756
2804.014160 0.000000 1998.076904 0.000000 0.857944 0.000000 -0.513743 0.878806 0.878806 0.878806
2541.551270 0.000000 2078.684082 0.000000 0.555192 0.000000 0.831722 0.515516 0.515516 0.515516
2539.674561 0.000000 2059.465820 0.000000 0.241592 0.000000 -0.970378 1.066748 1.066748 1.066748
2559.390381 0.000000 2052.548584 0.000000 0.789970 0.000000 0.613146 0.592428 0.592428 0.592428
2541.937500 0.000000 2058.145996 0.000000 0.428725 0.000000 -0.903435 1.019222 1.019222 1.019222
2540.010254 0.000000 2077.021240 0.000000 0.424172 0.000000 0.905582 0.479576 0.479576 0.479576
2541.751953 0.000000 2059.989746 0.000000 0.994623 0.000000 0.103564 0.725231 0.725231 0.725231
2525.330322 0.000000 2092.788818 0.000000 0.079304 0.000000 -0.996850 1.106048 1.106048 1.106048
2516.049316 0.000000 2094.053467 0.000000 0.092590 0.000000 0.995704 0.397136 0.397136 0.397136
2524.296631 0.000000 2094.530029 0.000000 0.553310 0.000000 -0.832976 0.985023 0.985023 0.985023
2516.755371 0.000000 2092.738037 0.000000 0.995439 0.000000 0.095396 0.727191 0.727191 0.727191
2525.800781 0.000000 2094.109131 0.000000 0.557233 0.000000 0.830356 0.516103 0.516103 0.516103
2541.262451 0.000000 2079.622803 0.000000 0.172290 0.000000 -0.985046 1.083663 1.083663 1.083663
2591.386475 0.000000 2052.548584 0.000000 0.018963 0.000000 -0.999820 1.120473 1.120473 1.120473
2559.689941 0.000000 2052.572754 0.000000 0.842518 0.000000 -0.538668 0.885804 0.885804 0.885804
2580.041504 0.000000 2062.061279 0.000000 0.552845 0.000000 0.833284 0.514843 0.514843 0.514843
2600.217041 0.000000 2056.208740 0.000000 0.752499 0.000000 -0.658593 0.921636 0.921636 0.921636
2591.686035 0.000000 2052.572754 0.000000 0.186121 0.000000 0.982527 0.419694 0.419694 0.419694
2602.990723 0.000000 2057.274902 0.000000 0.532742 0.000000 0.846278 0.509129 0.509129 0.509129
"}
