object={
	name="tree_palm_generator_1_0"
	clamp_to_water_level=no
	render_under_water=no
	generated_content=yes
	layer="tree_layer"
	pdxmesh="tree_palm_mesh"
	count=888
	transform="1854.006226 0.000000 1973.428223 0.000000 0.244782 0.000000 -0.969578 0.925824 0.925824 0.925824
1852.124512 0.000000 1971.321533 0.000000 0.755687 0.000000 -0.654933 0.883373 0.883373 0.883373
1855.572021 0.000000 1974.948608 0.000000 0.016732 0.000000 -0.999860 0.891855 0.891855 0.891855
1854.932617 0.000000 1971.596069 0.000000 0.169554 0.000000 0.985521 0.609583 0.609583 0.609583
1854.223267 0.000000 1975.685303 0.000000 0.861290 0.000000 0.508114 0.701348 0.701348 0.701348
1855.587280 0.000000 1973.378296 0.000000 0.999733 0.000000 -0.023104 0.753070 0.753070 0.753070
1854.716064 0.000000 1974.259766 0.000000 0.072675 0.000000 0.997356 0.613257 0.613257 0.613257
1854.176636 0.000000 1972.361694 0.000000 0.390557 0.000000 0.920579 0.594627 0.594627 0.594627
1855.020264 0.000000 1970.534058 0.000000 0.237344 0.000000 0.971426 0.616527 0.616527 0.616527
1854.037720 0.000000 1971.532837 0.000000 0.630742 0.000000 0.775993 0.660933 0.660933 0.660933
1914.211670 0.000000 1923.182861 0.000000 0.072496 0.000000 0.997369 0.442397 0.442397 0.442397
1913.704956 0.000000 1940.384521 0.000000 0.398326 0.000000 -0.917244 0.895119 0.895119 0.895119
1915.117676 0.000000 1925.163208 0.000000 0.873061 0.000000 -0.487611 0.801644 0.801644 0.801644
1915.913696 0.000000 1941.410278 0.000000 0.250939 0.000000 0.968003 0.597956 0.597956 0.597956
1912.484009 0.000000 1941.784058 0.000000 0.996137 0.000000 -0.087811 0.760989 0.760989 0.760989
1913.274048 0.000000 1924.617188 0.000000 0.079282 0.000000 -0.996852 0.927189 0.927189 0.927189
1915.064941 0.000000 1940.411255 0.000000 0.786281 0.000000 0.617870 0.673117 0.673117 0.673117
1912.079468 0.000000 1940.539551 0.000000 0.919828 0.000000 0.392321 0.699612 0.699612 0.699612
1913.156250 0.000000 1939.131348 0.000000 0.910973 0.000000 -0.412466 0.809108 0.809108 0.809108
1914.391479 0.000000 1941.457886 0.000000 0.861988 0.000000 -0.506929 0.811367 0.811367 0.811367
1914.936279 0.000000 1924.042358 0.000000 0.952982 0.000000 -0.303027 0.781215 0.781215 0.781215
1913.393921 0.000000 1941.337524 0.000000 0.957801 0.000000 0.287431 0.713562 0.713562 0.713562
1912.321899 0.000000 1924.850220 0.000000 0.994596 0.000000 0.103817 0.737644 0.737644 0.737644
1914.177490 0.000000 1924.995117 0.000000 0.638045 0.000000 -0.769999 0.839106 0.839106 0.839106
1913.353516 0.000000 1925.587280 0.000000 0.184983 0.000000 0.982742 0.585486 0.585486 0.585486
1915.749390 0.000000 1924.525879 0.000000 0.748577 0.000000 0.663047 0.676503 0.676503 0.676503
1914.076294 0.000000 1924.031982 0.000000 0.236166 0.000000 0.971713 0.614909 0.614909 0.614909
1869.258301 0.000000 1972.426147 0.000000 0.990036 0.000000 -0.140813 0.777102 0.777102 0.777102
1876.544312 0.000000 1959.729492 0.000000 0.993107 0.000000 -0.117212 0.760196 0.760196 0.760196
1871.122925 0.000000 1975.857056 0.000000 0.809765 0.000000 -0.586755 0.851617 0.851617 0.851617
1870.525757 0.000000 1952.385254 0.000000 0.312843 0.000000 -0.949805 0.998730 0.998730 0.998730
1872.121094 0.000000 1954.546021 0.000000 0.963465 0.000000 -0.267833 0.789524 0.789524 0.789524
1855.790527 0.000000 1970.924072 0.000000 0.004197 0.000000 0.999991 0.592921 0.592921 0.592921
1868.900146 0.000000 1974.716187 0.000000 0.987559 0.000000 -0.157249 0.770622 0.770622 0.770622
1871.136719 0.000000 1973.620483 0.000000 0.999659 0.000000 0.026105 0.745358 0.745358 0.745358
1855.877319 0.000000 1974.741089 0.000000 0.358070 0.000000 -0.933695 0.859956 0.859956 0.859956
1873.263794 0.000000 1953.376343 0.000000 0.796559 0.000000 -0.604560 0.849375 0.849375 0.849375
1873.372559 0.000000 1955.466553 0.000000 0.999944 0.000000 -0.010552 0.751538 0.751538 0.751538
1872.061279 0.000000 1952.426147 0.000000 0.473856 0.000000 0.880603 0.585124 0.585124 0.585124
1877.893188 0.000000 1959.291016 0.000000 0.951054 0.000000 0.309026 0.722734 0.722734 0.722734
1870.361816 0.000000 1974.675171 0.000000 0.961700 0.000000 -0.274105 0.794997 0.794997 0.794997
1876.904907 0.000000 1958.383301 0.000000 0.887239 0.000000 0.461309 0.708389 0.708389 0.708389
1855.877930 0.000000 1972.160278 0.000000 0.472327 0.000000 0.881423 0.606675 0.606675 0.606675
1868.249512 0.000000 1975.869751 0.000000 0.708570 0.000000 0.705640 0.647697 0.647697 0.647697
1855.827759 0.000000 1973.520264 0.000000 0.122541 0.000000 -0.992463 0.942356 0.942356 0.942356
1877.354980 0.000000 1959.887695 0.000000 0.993794 0.000000 -0.111233 0.759673 0.759673 0.759673
1879.912598 0.000000 1994.487305 0.000000 0.520181 0.000000 -0.854056 0.943506 0.943506 0.943506
1884.093628 0.000000 2009.692749 0.000000 0.506386 0.000000 0.862307 0.551703 0.551703 0.551703
1865.586182 0.000000 2002.625244 0.000000 0.851867 0.000000 -0.523758 0.844289 0.844289 0.844289
1867.514282 0.000000 1986.167114 0.000000 0.874314 0.000000 0.485362 0.698333 0.698333 0.698333
1866.524780 0.000000 1996.647705 0.000000 0.214152 0.000000 0.976800 0.614901 0.614901 0.614901
1863.457764 0.000000 2003.845581 0.000000 0.832322 0.000000 0.554292 0.676571 0.676571 0.676571
1878.483887 0.000000 1996.450684 0.000000 0.147227 0.000000 0.989103 0.601721 0.601721 0.601721
1885.365723 0.000000 2011.296265 0.000000 0.313770 0.000000 -0.949499 0.991506 0.991506 0.991506
1882.028076 0.000000 2008.788452 0.000000 0.742690 0.000000 -0.669635 0.845824 0.845824 0.845824
1882.958496 0.000000 2010.903198 0.000000 0.997482 0.000000 -0.070926 0.758593 0.758593 0.758593
1867.430786 0.000000 1997.783081 0.000000 0.932733 0.000000 -0.360569 0.786779 0.786779 0.786779
1866.896118 0.000000 1995.116455 0.000000 0.982897 0.000000 0.184157 0.717800 0.717800 0.717800
1866.937622 0.000000 1987.477539 0.000000 0.185617 0.000000 0.982622 0.608887 0.608887 0.608887
1879.322021 0.000000 1997.426880 0.000000 0.057888 0.000000 -0.998323 0.907641 0.907641 0.907641
1862.557861 0.000000 2002.991211 0.000000 0.745279 0.000000 -0.666753 0.841218 0.841218 0.841218
1882.865234 0.000000 2009.688965 0.000000 0.117010 0.000000 -0.993131 0.939830 0.939830 0.939830
1866.376343 0.000000 1986.449341 0.000000 0.006579 0.000000 0.999978 0.590524 0.590524 0.590524
1878.093994 0.000000 1997.719849 0.000000 0.785879 0.000000 0.618380 0.680532 0.680532 0.680532
1882.774292 0.000000 2011.854858 0.000000 0.928989 0.000000 0.370108 0.704106 0.704106 0.704106
1882.157471 0.000000 2010.289551 0.000000 0.966750 0.000000 0.255725 0.718696 0.718696 0.718696
1867.810425 0.000000 1987.586548 0.000000 0.457478 0.000000 -0.889221 0.861704 0.861704 0.861704
1880.652954 0.000000 2022.248657 0.000000 0.806100 0.000000 -0.591779 0.859028 0.859028 0.859028
1883.459351 0.000000 2025.770996 0.000000 0.463567 0.000000 0.886062 0.567439 0.567439 0.567439
1885.605713 0.000000 2018.696533 0.000000 0.325557 0.000000 -0.945522 0.860329 0.860329 0.860329
1882.829834 0.000000 2023.398315 0.000000 0.899172 0.000000 -0.437595 0.831286 0.831286 0.831286
1881.300537 0.000000 2024.872559 0.000000 0.351986 0.000000 -0.936005 0.924498 0.924498 0.924498
1887.366455 0.000000 2018.959229 0.000000 0.696554 0.000000 0.717504 0.600991 0.600991 0.600991
1884.027100 0.000000 2019.604492 0.000000 0.881798 0.000000 0.471628 0.706273 0.706273 0.706273
1884.962280 0.000000 2016.491943 0.000000 0.559338 0.000000 -0.828940 0.908364 0.908364 0.908364
1886.713135 0.000000 2017.586304 0.000000 0.493950 0.000000 0.869490 0.570874 0.570874 0.570874
1880.576660 0.000000 2023.656616 0.000000 0.452632 0.000000 -0.891698 0.939571 0.939571 0.939571
1885.959106 0.000000 2019.802856 0.000000 0.450114 0.000000 0.892971 0.651716 0.651716 0.651716
1880.867554 0.000000 2025.922607 0.000000 0.580402 0.000000 -0.814330 0.887105 0.887105 0.887105
1884.537109 0.000000 2018.670898 0.000000 0.721690 0.000000 0.692216 0.681929 0.681929 0.681929
1884.996094 0.000000 2019.507080 0.000000 0.977994 0.000000 -0.208633 0.768713 0.768713 0.768713
1887.955933 0.000000 2017.154419 0.000000 0.043417 0.000000 0.999057 0.490468 0.490468 0.490468
1887.781982 0.000000 2018.849731 0.000000 0.904287 0.000000 0.426925 0.667864 0.667864 0.667864
1931.252441 0.000000 1935.247192 0.000000 0.530938 0.000000 0.847411 0.612840 0.612840 0.612840
1929.578369 0.000000 1938.640869 0.000000 0.523916 0.000000 -0.851770 0.931799 0.931799 0.931799
1931.129517 0.000000 1926.691162 0.000000 0.998840 0.000000 0.048156 0.740245 0.740245 0.740245
1923.159912 0.000000 1921.875000 0.000000 0.662479 0.000000 -0.749080 0.893392 0.893392 0.893392
1930.798096 0.000000 1941.842651 0.000000 0.998459 0.000000 0.055496 0.741657 0.741657 0.741657
1929.652588 0.000000 1943.700195 0.000000 0.990021 0.000000 -0.140923 0.773311 0.773311 0.773311
1932.408325 0.000000 1928.507446 0.000000 0.965951 0.000000 -0.258726 0.788883 0.788883 0.788883
1921.850098 0.000000 1920.158081 0.000000 0.068564 0.000000 -0.997647 0.954624 0.954624 0.954624
1929.141846 0.000000 1940.710571 0.000000 0.349905 0.000000 0.936785 0.567684 0.567684 0.567684
1930.155884 0.000000 1928.453003 0.000000 0.043000 0.000000 -0.999075 0.973559 0.973559 0.973559
1921.406128 0.000000 1922.466919 0.000000 0.132316 0.000000 -0.991208 0.998401 0.998401 0.998401
1923.807617 0.000000 1920.200195 0.000000 0.053234 0.000000 -0.998582 1.007009 1.007009 1.007009
1930.874878 0.000000 1937.665283 0.000000 0.375769 0.000000 -0.926713 0.894181 0.894181 0.894181
1931.259644 0.000000 1929.550049 0.000000 0.994290 0.000000 0.106715 0.734355 0.734355 0.734355
1931.306885 0.000000 1943.268066 0.000000 0.999944 0.000000 -0.010563 0.751557 0.751557 0.751557
1931.958252 0.000000 1941.035889 0.000000 0.198976 0.000000 0.980004 0.544070 0.544070 0.544070
1929.382690 0.000000 1942.313477 0.000000 0.911970 0.000000 0.410256 0.680305 0.680305 0.680305
1930.788086 0.000000 1936.397705 0.000000 0.979933 0.000000 0.199327 0.725596 0.725596 0.725596
1930.014893 0.000000 1935.386230 0.000000 0.727944 0.000000 -0.685636 0.852485 0.852485 0.852485
1930.357666 0.000000 1940.709351 0.000000 0.947586 0.000000 0.319502 0.701135 0.701135 0.701135
1933.853760 0.000000 1928.320557 0.000000 0.316108 0.000000 -0.948723 0.935597 0.935597 0.935597
1930.360474 0.000000 1934.231812 0.000000 0.988163 0.000000 -0.153408 0.770893 0.770893 0.770893
1921.048340 0.000000 1920.990723 0.000000 0.282613 0.000000 -0.959234 0.924942 0.924942 0.924942
1929.585083 0.000000 1956.035278 0.000000 0.932811 0.000000 -0.360365 0.821133 0.821133 0.821133
1931.910400 0.000000 1956.485229 0.000000 0.512534 0.000000 0.858667 0.649358 0.649358 0.649358
1930.454468 0.000000 1957.336304 0.000000 0.949933 0.000000 0.312452 0.719030 0.719030 0.719030
1931.991211 0.000000 1957.758423 0.000000 0.398215 0.000000 0.917292 0.636828 0.636828 0.636828
1930.487061 0.000000 1956.376221 0.000000 0.995653 0.000000 -0.093136 0.759090 0.759090 0.759090
1931.327637 0.000000 1957.182495 0.000000 0.998529 0.000000 -0.054220 0.755287 0.755287 0.755287
2063.107910 0.000000 1841.459106 0.000000 0.826890 0.000000 -0.562364 0.867587 0.867587 0.867587
2064.583740 0.000000 1843.989014 0.000000 0.161390 0.000000 0.986891 0.521711 0.521711 0.521711
2065.757080 0.000000 1842.125000 0.000000 0.213964 0.000000 0.976842 0.530386 0.530386 0.530386
2066.393555 0.000000 1838.074585 0.000000 0.500960 0.000000 -0.865470 0.847250 0.847250 0.847250
2062.797852 0.000000 1843.340942 0.000000 0.989767 0.000000 0.142693 0.733954 0.733954 0.733954
2064.222656 0.000000 1842.513550 0.000000 0.300394 0.000000 0.953815 0.544886 0.544886 0.544886
2065.980957 0.000000 1843.427856 0.000000 0.643288 0.000000 0.765624 0.608684 0.608684 0.608684
2067.148438 0.000000 1839.092163 0.000000 0.566449 0.000000 -0.824097 0.840047 0.840047 0.840047
2063.269287 0.000000 1842.415283 0.000000 0.991538 0.000000 -0.129813 0.764589 0.764589 0.764589
2063.739014 0.000000 1843.507935 0.000000 0.999922 0.000000 -0.012486 0.751399 0.751399 0.751399
2107.573486 0.000000 1852.429932 0.000000 0.216815 0.000000 0.976213 0.514148 0.514148 0.514148
2103.867676 0.000000 1847.654175 0.000000 0.616747 0.000000 -0.787162 0.817955 0.817955 0.817955
2109.338379 0.000000 1851.335327 0.000000 0.780277 0.000000 -0.625434 0.881134 0.881134 0.881134
2102.439941 0.000000 1846.751709 0.000000 0.160037 0.000000 0.987111 0.644259 0.644259 0.644259
2109.023682 0.000000 1852.768799 0.000000 0.225083 0.000000 -0.974340 0.931536 0.931536 0.931536
2103.650635 0.000000 1846.542358 0.000000 0.139307 0.000000 0.990249 0.642687 0.642687 0.642687
2108.944824 0.000000 1853.805420 0.000000 0.952677 0.000000 -0.303983 0.791727 0.791727 0.791727
2102.915527 0.000000 1847.536255 0.000000 0.768564 0.000000 -0.639773 0.802058 0.802058 0.802058
2102.901855 0.000000 1846.028809 0.000000 0.889090 0.000000 -0.457733 0.785654 0.785654 0.785654
2098.556396 0.000000 1867.346069 0.000000 0.972055 0.000000 0.234755 0.725708 0.725708 0.725708
2099.984375 0.000000 1866.887573 0.000000 0.321815 0.000000 0.946803 0.622559 0.622559 0.622559
2098.120605 0.000000 1866.371094 0.000000 0.988578 0.000000 -0.150709 0.765509 0.765509 0.765509
2099.399658 0.000000 1867.539062 0.000000 0.729301 0.000000 0.684193 0.672756 0.672756 0.672756
2236.050781 0.000000 1817.739624 0.000000 0.997747 0.000000 -0.067096 0.764012 0.764012 0.764012
2221.215576 0.000000 1812.465210 0.000000 0.576491 0.000000 -0.817104 0.922177 0.922177 0.922177
2220.238281 0.000000 1802.728638 0.000000 0.614486 0.000000 0.788928 0.581744 0.581744 0.581744
2225.491943 0.000000 1797.134888 0.000000 0.689752 0.000000 -0.724046 0.878026 0.878026 0.878026
2222.116943 0.000000 1799.217896 0.000000 0.957279 0.000000 -0.289167 0.786829 0.786829 0.786829
2238.814209 0.000000 1817.105591 0.000000 0.108184 0.000000 -0.994131 1.036280 1.036280 1.036280
2218.763184 0.000000 1813.873901 0.000000 0.093288 0.000000 -0.995639 0.996058 0.996058 0.996058
2239.410156 0.000000 1819.597412 0.000000 0.090630 0.000000 0.995885 0.583309 0.583309 0.583309
2222.515625 0.000000 1803.379150 0.000000 0.976484 0.000000 0.215591 0.718203 0.718203 0.718203
2224.078125 0.000000 1794.585083 0.000000 0.151197 0.000000 -0.988504 0.980759 0.980759 0.980759
2223.269287 0.000000 1797.268677 0.000000 0.920938 0.000000 -0.389710 0.823194 0.823194 0.823194
2220.373291 0.000000 1800.538696 0.000000 0.908733 0.000000 -0.417379 0.834045 0.834045 0.834045
2222.543457 0.000000 1801.269531 0.000000 0.905577 0.000000 -0.424181 0.795891 0.795891 0.795891
2237.322754 0.000000 1819.343140 0.000000 0.048474 0.000000 -0.998824 1.025774 1.025774 1.025774
2219.235107 0.000000 1811.832153 0.000000 0.385984 0.000000 -0.922505 0.946937 0.946937 0.946937
2225.329834 0.000000 1795.505615 0.000000 0.553822 0.000000 -0.832635 0.909992 0.909992 0.909992
2219.923096 0.000000 1813.067139 0.000000 0.108324 0.000000 -0.994116 0.993541 0.993541 0.993541
2238.169922 0.000000 1818.293579 0.000000 0.855234 0.000000 -0.518242 0.811358 0.811358 0.811358
2223.092285 0.000000 1800.135254 0.000000 0.432557 0.000000 0.901606 0.632304 0.632304 0.632304
2223.289307 0.000000 1802.293579 0.000000 0.042319 0.000000 -0.999104 0.973659 0.973659 0.973659
2223.086426 0.000000 1798.473145 0.000000 0.645432 0.000000 0.763817 0.640875 0.640875 0.640875
2223.698486 0.000000 1801.193848 0.000000 0.515610 0.000000 0.856823 0.642193 0.642193 0.642193
2239.284180 0.000000 1818.477905 0.000000 0.793599 0.000000 -0.608441 0.823668 0.823668 0.823668
2238.427979 0.000000 1819.326904 0.000000 0.617627 0.000000 0.786471 0.648065 0.648065 0.648065
2222.121338 0.000000 1798.189575 0.000000 0.695092 0.000000 -0.718921 0.850718 0.850718 0.850718
2187.221436 0.000000 1839.270630 0.000000 0.516251 0.000000 0.856437 0.578153 0.578153 0.578153
2180.572266 0.000000 1828.677368 0.000000 0.579272 0.000000 -0.815135 0.908717 0.908717 0.908717
2186.485840 0.000000 1836.686768 0.000000 0.612486 0.000000 0.790481 0.587420 0.587420 0.587420
2183.104248 0.000000 1829.137207 0.000000 0.979208 0.000000 -0.202858 0.776334 0.776334 0.776334
2185.209229 0.000000 1838.476074 0.000000 0.464019 0.000000 -0.885825 0.939199 0.939199 0.939199
2187.994385 0.000000 1836.211670 0.000000 0.120464 0.000000 -0.992718 1.008610 1.008610 1.008610
2181.674072 0.000000 1829.696899 0.000000 0.213946 0.000000 0.976846 0.524293 0.524293 0.524293
2183.928711 0.000000 1829.818726 0.000000 0.848419 0.000000 -0.529326 0.821910 0.821910 0.821910
2183.117188 0.000000 1828.089355 0.000000 0.485467 0.000000 0.874255 0.612847 0.612847 0.612847
2236.936035 0.000000 1830.317383 0.000000 0.282866 0.000000 0.959159 0.533261 0.533261 0.533261
2228.501465 0.000000 1831.760742 0.000000 0.460271 0.000000 -0.887778 0.952821 0.952821 0.952821
2236.077637 0.000000 1843.352783 0.000000 0.974588 0.000000 0.224007 0.717322 0.717322 0.717322
2231.017090 0.000000 1832.220093 0.000000 0.723682 0.000000 -0.690133 0.890976 0.890976 0.890976
2234.786865 0.000000 1831.445190 0.000000 0.503426 0.000000 -0.864038 0.876285 0.876285 0.876285
2237.450928 0.000000 1842.864990 0.000000 0.790763 0.000000 0.612123 0.654717 0.654717 0.654717
2234.032959 0.000000 1830.194458 0.000000 0.521471 0.000000 0.853269 0.626259 0.626259 0.626259
2231.275146 0.000000 1830.872070 0.000000 0.933074 0.000000 0.359684 0.699468 0.699468 0.699468
2235.642822 0.000000 1830.400635 0.000000 0.468122 0.000000 0.883664 0.618825 0.618825 0.618825
2236.302002 0.000000 1842.185425 0.000000 0.956153 0.000000 -0.292866 0.792991 0.792991 0.792991
2247.947266 0.000000 1814.241577 0.000000 0.360001 0.000000 0.932952 0.562552 0.562552 0.562552
2239.977295 0.000000 1817.120850 0.000000 0.411365 0.000000 0.911471 0.525493 0.525493 0.525493
2246.740723 0.000000 1813.253174 0.000000 0.624436 0.000000 0.781076 0.621350 0.621350 0.621350
2246.870850 0.000000 1815.083374 0.000000 0.230197 0.000000 0.973144 0.541355 0.541355 0.541355
2247.945557 0.000000 1813.016113 0.000000 0.800031 0.000000 -0.599958 0.842348 0.842348 0.842348
2252.234375 0.000000 1834.720825 0.000000 0.999727 0.000000 0.023367 0.746659 0.746659 0.746659
2252.369385 0.000000 1832.530884 0.000000 0.232982 0.000000 -0.972481 1.004716 1.004716 1.004716
2250.849365 0.000000 1835.155518 0.000000 0.030560 0.000000 0.999533 0.482226 0.482226 0.482226
2253.592041 0.000000 1834.264282 0.000000 0.562294 0.000000 -0.826937 0.889190 0.889190 0.889190
2253.202148 0.000000 1835.678101 0.000000 0.815553 0.000000 0.578683 0.661778 0.661778 0.661778
2428.912598 0.000000 1798.325195 0.000000 0.751582 0.000000 -0.659639 0.898702 0.898702 0.898702
2427.393066 0.000000 1801.825684 0.000000 0.408999 0.000000 0.912535 0.601174 0.601174 0.601174
2426.763428 0.000000 1799.453003 0.000000 0.512393 0.000000 0.858751 0.548393 0.548393 0.548393
2428.758789 0.000000 1800.458252 0.000000 0.968676 0.000000 -0.248330 0.794898 0.794898 0.794898
2426.544189 0.000000 1800.767212 0.000000 0.967000 0.000000 -0.254775 0.783355 0.783355 0.783355
2427.696777 0.000000 1800.770508 0.000000 0.286729 0.000000 -0.958012 0.915729 0.915729 0.915729
2442.186279 0.000000 2045.031006 0.000000 0.999996 0.000000 0.002677 0.749502 0.749502 0.749502
2460.023438 0.000000 2041.684937 0.000000 0.998625 0.000000 -0.052416 0.755140 0.755140 0.755140
2447.360596 0.000000 2043.474731 0.000000 0.395514 0.000000 -0.918460 0.970705 0.970705 0.970705
2454.524902 0.000000 2041.735474 0.000000 0.388211 0.000000 0.921571 0.580462 0.580462 0.580462
2461.978760 0.000000 2045.868164 0.000000 0.168213 0.000000 -0.985751 0.924412 0.924412 0.924412
2456.884277 0.000000 2045.704102 0.000000 0.550251 0.000000 0.835000 0.640931 0.640931 0.640931
2443.538818 0.000000 2040.715576 0.000000 0.855891 0.000000 -0.517156 0.852126 0.852126 0.852126
2438.417236 0.000000 2043.731812 0.000000 0.853836 0.000000 0.520542 0.669887 0.669887 0.669887
2445.955566 0.000000 2046.994507 0.000000 0.049275 0.000000 -0.998785 1.012809 1.012809 1.012809
2457.291260 0.000000 2042.790527 0.000000 0.864010 0.000000 -0.503475 0.848544 0.848544 0.848544
2440.743896 0.000000 2041.729858 0.000000 0.984180 0.000000 0.177170 0.716234 0.716234 0.716234
2462.786865 0.000000 2041.050903 0.000000 0.872289 0.000000 -0.488990 0.788602 0.788602 0.788602
2454.176758 0.000000 2044.618652 0.000000 0.655202 0.000000 0.755454 0.631426 0.631426 0.631426
2439.889648 0.000000 2046.578491 0.000000 0.728108 0.000000 0.685462 0.603003 0.603003 0.603003
2444.555664 0.000000 2043.403687 0.000000 0.993250 0.000000 -0.115994 0.770081 0.770081 0.770081
2459.530518 0.000000 2044.383057 0.000000 0.635466 0.000000 0.772129 0.686818 0.686818 0.686818
2463.382812 0.000000 2043.542725 0.000000 0.279045 0.000000 0.960278 0.538377 0.538377 0.538377
2438.695068 0.000000 2040.337524 0.000000 0.758017 0.000000 -0.652235 0.879515 0.879515 0.879515
2455.824707 0.000000 2039.607300 0.000000 0.245843 0.000000 0.969310 0.494839 0.494839 0.494839
2460.538086 0.000000 2039.355225 0.000000 0.691277 0.000000 0.722589 0.594183 0.594183 0.594183
2436.333740 0.000000 2042.921143 0.000000 0.930822 0.000000 -0.365472 0.821140 0.821140 0.821140
2444.301270 0.000000 2045.550171 0.000000 0.842171 0.000000 -0.539210 0.848370 0.848370 0.848370
2461.295410 0.000000 2043.288452 0.000000 0.819659 0.000000 0.572852 0.690552 0.690552 0.690552
2457.957764 0.000000 2040.780640 0.000000 0.629340 0.000000 -0.777130 0.898246 0.898246 0.898246
2442.588623 0.000000 2042.680908 0.000000 0.435126 0.000000 0.900370 0.567137 0.567137 0.567137
2452.549805 0.000000 2043.287842 0.000000 0.712745 0.000000 -0.701423 0.869432 0.869432 0.869432
2458.697754 0.000000 2046.540894 0.000000 0.896388 0.000000 0.443271 0.717109 0.717109 0.717109
2440.391602 0.000000 2044.165894 0.000000 0.203876 0.000000 -0.978997 0.970519 0.970519 0.970519
2446.058594 0.000000 2044.856201 0.000000 0.324977 0.000000 -0.945722 0.978081 0.978081 0.978081
2455.519043 0.000000 2043.276001 0.000000 0.998128 0.000000 -0.061154 0.759092 0.759092 0.759092
2457.129883 0.000000 2047.495361 0.000000 0.184378 0.000000 0.982855 0.519267 0.519267 0.519267
2438.513916 0.000000 2045.517822 0.000000 0.980200 0.000000 -0.198012 0.782191 0.782191 0.782191
2460.463135 0.000000 2046.675049 0.000000 0.694923 0.000000 0.719084 0.692526 0.692526 0.692526
2456.341064 0.000000 2041.286133 0.000000 0.159544 0.000000 0.987191 0.515069 0.515069 0.515069
2455.557373 0.000000 2046.608398 0.000000 0.876948 0.000000 -0.480585 0.830961 0.830961 0.830961
2439.432861 0.000000 2042.567139 0.000000 0.000719 0.000000 -1.000000 0.979748 0.979748 0.979748
2458.888184 0.000000 2042.895386 0.000000 0.167894 0.000000 -0.985805 0.952018 0.952018 0.952018
2457.886963 0.000000 2044.415649 0.000000 0.103189 0.000000 0.994662 0.588028 0.588028 0.588028
2454.350830 0.000000 2040.227051 0.000000 0.923728 0.000000 0.383050 0.693141 0.693141 0.693141
2455.643311 0.000000 2044.820435 0.000000 0.904909 0.000000 0.425605 0.689127 0.689127 0.689127
2461.276855 0.000000 2040.870972 0.000000 0.793833 0.000000 -0.608135 0.814077 0.814077 0.814077
2460.980713 0.000000 2044.721924 0.000000 0.995048 0.000000 -0.099398 0.762388 0.762388 0.762388
2454.016846 0.000000 2043.141846 0.000000 0.199623 0.000000 -0.979873 0.953523 0.953523 0.953523
2441.765625 0.000000 2043.740723 0.000000 0.999939 0.000000 0.011082 0.748422 0.748422 0.748422
2462.142578 0.000000 2042.238892 0.000000 0.995077 0.000000 -0.099104 0.766310 0.766310 0.766310
2459.698242 0.000000 2045.658325 0.000000 0.460852 0.000000 -0.887477 0.828197 0.828197 0.828197
2439.811279 0.000000 2045.322144 0.000000 0.989764 0.000000 0.142711 0.726874 0.726874 0.726874
2461.602295 0.000000 2047.090576 0.000000 0.484745 0.000000 0.874656 0.673745 0.673745 0.673745
2454.653320 0.000000 2045.761230 0.000000 0.532584 0.000000 0.846377 0.610269 0.610269 0.610269
2460.133545 0.000000 2042.937988 0.000000 0.520989 0.000000 0.853563 0.650320 0.650320 0.650320
2440.676270 0.000000 2042.982422 0.000000 0.981708 0.000000 -0.190395 0.777278 0.777278 0.777278
2458.058838 0.000000 2045.548584 0.000000 0.704553 0.000000 -0.709652 0.806508 0.806508 0.806508
2460.054932 0.000000 2040.431885 0.000000 0.998248 0.000000 -0.059176 0.755804 0.755804 0.755804
2455.334717 0.000000 2040.739258 0.000000 0.983049 0.000000 0.183341 0.723330 0.723330 0.723330
2463.246582 0.000000 2040.010986 0.000000 0.413227 0.000000 0.910628 0.663508 0.663508 0.663508
2461.082275 0.000000 2041.968140 0.000000 0.868427 0.000000 0.495817 0.699149 0.699149 0.699149
2460.901855 0.000000 2045.758545 0.000000 0.202685 0.000000 0.979244 0.579953 0.579953 0.579953
2460.501709 0.000000 2043.874268 0.000000 0.190887 0.000000 -0.981612 0.884370 0.884370 0.884370
2458.844727 0.000000 2045.044067 0.000000 0.751953 0.000000 -0.659216 0.801550 0.801550 0.801550
2459.582520 0.000000 2046.872314 0.000000 0.937544 0.000000 -0.347868 0.775446 0.775446 0.775446
2457.044678 0.000000 2044.815796 0.000000 0.911651 0.000000 -0.410965 0.796747 0.796747 0.796747
2462.062744 0.000000 2040.512451 0.000000 0.243474 0.000000 0.969907 0.649905 0.649905 0.649905
2461.984131 0.000000 2041.397339 0.000000 0.738032 0.000000 0.674765 0.677401 0.677401 0.677401
2458.463135 0.000000 2047.323486 0.000000 0.177637 0.000000 -0.984096 0.849710 0.849710 0.849710
2474.182373 0.000000 2045.031006 0.000000 0.175843 0.000000 -0.984418 0.856888 0.856888 0.856888
2486.520996 0.000000 2041.735474 0.000000 0.550537 0.000000 -0.834811 0.900646 0.900646 0.900646
2493.974854 0.000000 2045.868164 0.000000 0.999498 0.000000 -0.031688 0.755474 0.755474 0.755474
2488.880371 0.000000 2045.704102 0.000000 0.163937 0.000000 -0.986471 0.954176 0.954176 0.954176
2463.949951 0.000000 2041.066162 0.000000 0.610615 0.000000 0.791928 0.680949 0.680949 0.680949
2490.036133 0.000000 2038.667480 0.000000 0.750877 0.000000 0.660442 0.626607 0.626607 0.626607
2477.951660 0.000000 2046.994507 0.000000 0.749777 0.000000 -0.661691 0.834686 0.834686 0.834686
2463.750488 0.000000 2046.043579 0.000000 0.138921 0.000000 0.990303 0.463351 0.463351 0.463351
2489.287354 0.000000 2042.790527 0.000000 0.797245 0.000000 0.603656 0.665360 0.665360 0.665360
2468.880371 0.000000 2046.356812 0.000000 0.377989 0.000000 -0.925810 0.938419 0.938419 0.938419
2486.172852 0.000000 2044.618652 0.000000 0.927484 0.000000 -0.373863 0.824149 0.824149 0.824149
2471.885742 0.000000 2046.578491 0.000000 0.640100 0.000000 -0.768291 0.910691 0.910691 0.910691
2491.526611 0.000000 2044.383057 0.000000 0.685782 0.000000 -0.727807 0.856455 0.856455 0.856455
2487.820801 0.000000 2039.607300 0.000000 0.995431 0.000000 0.095479 0.731710 0.731710 0.731710
2489.634766 0.000000 2036.361084 0.000000 0.974448 0.000000 0.224614 0.707687 0.707687 0.707687
2489.953857 0.000000 2040.780640 0.000000 0.996062 0.000000 0.088655 0.738406 0.738406 0.738406
2474.584717 0.000000 2042.680908 0.000000 0.935803 0.000000 -0.352522 0.814859 0.814859 0.814859
2484.545898 0.000000 2043.287842 0.000000 0.969146 0.000000 0.246488 0.702364 0.702364 0.702364
2491.843506 0.000000 2037.386841 0.000000 0.522099 0.000000 -0.852885 0.944229 0.944229 0.944229
2490.693848 0.000000 2046.540894 0.000000 0.520536 0.000000 -0.853840 0.941128 0.941128 0.941128
2474.941162 0.000000 2046.861572 0.000000 0.617222 0.000000 -0.786789 0.847923 0.847923 0.847923
2488.413818 0.000000 2037.760620 0.000000 0.937691 0.000000 -0.347471 0.816281 0.816281 0.816281
2487.515137 0.000000 2043.276001 0.000000 0.894048 0.000000 0.447972 0.676030 0.676030 0.676030
2492.459229 0.000000 2046.675049 0.000000 0.612717 0.000000 0.790302 0.612043 0.612043 0.612043
2488.337158 0.000000 2041.286133 0.000000 0.942971 0.000000 0.332876 0.705680 0.705680 0.705680
2490.884277 0.000000 2042.895386 0.000000 0.737256 0.000000 -0.675614 0.846879 0.846879 0.846879
2489.883057 0.000000 2044.415649 0.000000 0.895953 0.000000 -0.444148 0.816827 0.816827 0.816827
2495.176758 0.000000 2046.835327 0.000000 0.435339 0.000000 0.900267 0.580392 0.580392 0.580392
2486.346924 0.000000 2040.227051 0.000000 0.108570 0.000000 -0.994089 0.972968 0.972968 0.972968
2491.078857 0.000000 2039.770264 0.000000 0.928514 0.000000 0.371297 0.684934 0.684934 0.684934
2492.976807 0.000000 2044.721924 0.000000 0.058253 0.000000 -0.998302 1.011256 1.011256 1.011256
2475.260498 0.000000 2044.045410 0.000000 0.737320 0.000000 -0.675544 0.806870 0.806870 0.806870
2486.012939 0.000000 2043.141846 0.000000 0.235337 0.000000 -0.971914 0.962315 0.962315 0.962315
2489.133789 0.000000 2039.632202 0.000000 0.840610 0.000000 0.541641 0.657562 0.657562 0.657562
2476.605469 0.000000 2047.057861 0.000000 0.847766 0.000000 0.530371 0.684526 0.684526 0.684526
2491.694336 0.000000 2045.658325 0.000000 0.462276 0.000000 -0.886736 0.892385 0.892385 0.892385
2488.612061 0.000000 2043.977539 0.000000 0.693601 0.000000 -0.720360 0.855045 0.855045 0.855045
2493.598389 0.000000 2047.090576 0.000000 0.900163 0.000000 -0.435554 0.818222 0.818222 0.818222
2490.791016 0.000000 2041.681152 0.000000 0.990081 0.000000 -0.140500 0.769836 0.769836 0.769836
2490.054932 0.000000 2045.548584 0.000000 0.167280 0.000000 -0.985909 0.933197 0.933197 0.933197
2475.187744 0.000000 2045.559082 0.000000 0.763614 0.000000 0.645673 0.696181 0.696181 0.696181
2489.338379 0.000000 2041.680542 0.000000 0.966372 0.000000 0.257147 0.716035 0.716035 0.716035
2475.820801 0.000000 2046.416748 0.000000 0.994285 0.000000 0.106755 0.738434 0.738434 0.738434
2474.306641 0.000000 2046.005737 0.000000 0.999978 0.000000 -0.006620 0.750716 0.750716 0.750716
2475.985840 0.000000 2044.659546 0.000000 0.570693 0.000000 -0.821164 0.823873 0.823873 0.823873
2463.868652 0.000000 2040.116455 0.000000 0.749998 0.000000 -0.661440 0.804604 0.804604 0.804604
2474.956543 0.000000 2044.781616 0.000000 0.936142 0.000000 0.351622 0.722450 0.722450 0.722450
2506.178467 0.000000 2045.031006 0.000000 0.914095 0.000000 -0.405501 0.831032 0.831032 0.831032
2498.476318 0.000000 2044.785767 0.000000 0.087121 0.000000 -0.996198 1.052924 1.052924 1.052924
2503.916016 0.000000 2038.186890 0.000000 0.971483 0.000000 0.237108 0.717525 0.717525 0.717525
2501.381836 0.000000 2034.411865 0.000000 0.994967 0.000000 0.100207 0.733000 0.733000 0.733000
2499.976074 0.000000 2040.441895 0.000000 0.015285 0.000000 0.999883 0.458599 0.458599 0.458599
2507.531006 0.000000 2040.715576 0.000000 0.750113 0.000000 0.661310 0.619915 0.619915 0.619915
2502.409424 0.000000 2043.731812 0.000000 0.845425 0.000000 -0.534095 0.867262 0.867262 0.867262
2505.508057 0.000000 2034.617432 0.000000 0.249456 0.000000 0.968386 0.481485 0.481485 0.481485
2495.746582 0.000000 2046.043579 0.000000 0.619782 0.000000 0.784774 0.613401 0.613401 0.613401
2504.736084 0.000000 2041.729858 0.000000 0.513138 0.000000 0.858306 0.571750 0.571750 0.571750
2506.728027 0.000000 2037.819214 0.000000 0.320107 0.000000 0.947381 0.502790 0.502790 0.502790
2498.151367 0.000000 2042.218262 0.000000 0.698850 0.000000 0.715269 0.608751 0.608751 0.608751
2503.379883 0.000000 2035.837769 0.000000 0.948215 0.000000 0.317628 0.697074 0.697074 0.697074
2500.325928 0.000000 2042.921143 0.000000 0.097321 0.000000 -0.995253 1.004487 1.004487 1.004487
2505.582275 0.000000 2039.676758 0.000000 0.911290 0.000000 0.411765 0.684085 0.684085 0.684085
2501.724854 0.000000 2038.334839 0.000000 0.265720 0.000000 0.964050 0.529520 0.529520 0.529520
2506.580811 0.000000 2042.680908 0.000000 0.282031 0.000000 0.959405 0.520844 0.520844 0.520844
2504.383789 0.000000 2044.165894 0.000000 0.999682 0.000000 0.025199 0.745180 0.745180 0.745180
2505.071777 0.000000 2036.687134 0.000000 0.530125 0.000000 -0.847920 0.912873 0.912873 0.912873
2501.495850 0.000000 2036.298218 0.000000 0.445052 0.000000 -0.895505 0.903636 0.903636 0.903636
2501.949707 0.000000 2041.952515 0.000000 0.747333 0.000000 0.664450 0.616302 0.616302 0.616302
2504.201172 0.000000 2040.299072 0.000000 0.798142 0.000000 -0.602469 0.861686 0.861686 0.861686
2502.709473 0.000000 2037.198486 0.000000 0.567608 0.000000 0.823299 0.636179 0.636179 0.636179
2501.268555 0.000000 2039.757812 0.000000 0.999227 0.000000 -0.039316 0.756660 0.756660 0.756660
2505.312500 0.000000 2038.290039 0.000000 0.994028 0.000000 -0.109127 0.766983 0.766983 0.766983
2502.839600 0.000000 2039.028687 0.000000 0.438967 0.000000 0.898503 0.598561 0.598561 0.598561
2503.914307 0.000000 2036.961426 0.000000 0.990489 0.000000 -0.137591 0.766243 0.766243 0.766243
2501.181641 0.000000 2037.345215 0.000000 0.934879 0.000000 0.354967 0.699754 0.699754 0.699754
2500.444336 0.000000 2036.379272 0.000000 0.995491 0.000000 0.094855 0.736846 0.736846 0.736846
2502.426514 0.000000 2036.041504 0.000000 0.778558 0.000000 -0.627573 0.829839 0.829839 0.829839
2455.842529 0.000000 2058.471680 0.000000 0.978282 0.000000 -0.207279 0.781608 0.781608 0.781608
2460.023438 0.000000 2073.677002 0.000000 0.032346 0.000000 0.999477 0.528338 0.528338 0.528338
2459.229980 0.000000 2047.876099 0.000000 0.998373 0.000000 0.057021 0.745914 0.745914 0.745914
2450.305664 0.000000 2070.458740 0.000000 0.814054 0.000000 0.580790 0.649225 0.649225 0.649225
2437.394043 0.000000 2047.893433 0.000000 0.525929 0.000000 -0.850529 0.965653 0.965653 0.965653
2457.551758 0.000000 2065.917236 0.000000 0.971476 0.000000 0.237139 0.703669 0.703669 0.703669
2451.864014 0.000000 2078.470215 0.000000 0.462441 0.000000 -0.886650 0.947469 0.947469 0.947469
2440.236572 0.000000 2056.208740 0.000000 0.530439 0.000000 0.847723 0.575253 0.575253 0.575253
2435.786865 0.000000 2062.162109 0.000000 0.189315 0.000000 0.981916 0.513126 0.513126 0.513126
2460.908691 0.000000 2054.262695 0.000000 0.914250 0.000000 -0.405151 0.800964 0.800964 0.800964
2450.377441 0.000000 2064.065186 0.000000 0.216194 0.000000 -0.976350 1.027000 1.027000 1.027000
2461.338135 0.000000 2060.796631 0.000000 0.002776 0.000000 -0.999996 0.978566 0.978566 0.978566
2447.360596 0.000000 2075.466797 0.000000 0.998234 0.000000 0.059406 0.742003 0.742003 0.742003
2454.524902 0.000000 2073.727539 0.000000 0.965813 0.000000 -0.259240 0.793234 0.793234 0.793234
2442.490479 0.000000 2047.677002 0.000000 0.997407 0.000000 0.071966 0.736021 0.736021 0.736021
2461.978760 0.000000 2077.860352 0.000000 0.214948 0.000000 0.976626 0.584556 0.584556 0.584556
2461.932129 0.000000 2069.404785 0.000000 0.169870 0.000000 -0.985466 1.009928 1.009928 1.009928
2456.884277 0.000000 2077.696289 0.000000 0.400425 0.000000 0.916329 0.536819 0.536819 0.536819
2437.389648 0.000000 2066.404053 0.000000 0.817429 0.000000 0.576029 0.637761 0.637761 0.637761
2454.647949 0.000000 2069.150391 0.000000 0.023245 0.000000 -0.999730 1.073812 1.073812 1.073812
2456.582764 0.000000 2054.240967 0.000000 0.447629 0.000000 -0.894220 0.968510 0.968510 0.968510
2454.772217 0.000000 2062.643311 0.000000 0.893487 0.000000 0.449089 0.693098 0.693098 0.693098
2439.806152 0.000000 2060.793701 0.000000 0.910498 0.000000 -0.413513 0.833694 0.833694 0.833694
2436.104004 0.000000 2057.664062 0.000000 0.582739 0.000000 0.812659 0.569611 0.569611 0.569611
2451.667236 0.000000 2060.291748 0.000000 0.999410 0.000000 0.034334 0.743142 0.743142 0.743142
2462.338379 0.000000 2065.575928 0.000000 0.616059 0.000000 -0.787700 0.853687 0.853687 0.853687
2459.389160 0.000000 2057.763184 0.000000 0.719262 0.000000 0.694739 0.656163 0.656163 0.656163
2461.535645 0.000000 2050.688721 0.000000 0.907101 0.000000 0.420913 0.708391 0.708391 0.708391
2458.145508 0.000000 2051.151611 0.000000 0.885816 0.000000 -0.464036 0.829826 0.829826 0.829826
2458.463135 0.000000 2062.611572 0.000000 0.501907 0.000000 0.864922 0.622328 0.622328 0.622328
2451.179199 0.000000 2073.694336 0.000000 0.460783 0.000000 0.887513 0.616595 0.616595 0.616595
2439.494873 0.000000 2063.974365 0.000000 0.120418 0.000000 0.992723 0.456356 0.456356 0.456356
2454.311279 0.000000 2065.694824 0.000000 0.446074 0.000000 0.894996 0.573485 0.573485 0.573485
2446.455566 0.000000 2048.361816 0.000000 0.679010 0.000000 -0.734129 0.915086 0.915086 0.915086
2462.418213 0.000000 2057.911865 0.000000 0.396813 0.000000 -0.917900 0.891406 0.891406 0.891406
2457.291260 0.000000 2074.782715 0.000000 0.415675 0.000000 0.909513 0.529627 0.529627 0.529627
2462.786865 0.000000 2073.043213 0.000000 0.031580 0.000000 -0.999501 0.991659 0.991659 0.991659
2460.050293 0.000000 2067.298096 0.000000 0.411767 0.000000 -0.911289 0.891994 0.891994 0.891994
2454.176758 0.000000 2076.610840 0.000000 0.001640 0.000000 0.999999 0.452517 0.452517 0.452517
2448.828857 0.000000 2078.076416 0.000000 0.768560 0.000000 -0.639778 0.878490 0.878490 0.878490
2462.527100 0.000000 2047.903320 0.000000 0.815801 0.000000 0.578333 0.626506 0.626506 0.626506
2444.555664 0.000000 2075.395996 0.000000 0.763314 0.000000 0.646028 0.615660 0.615660 0.615660
2453.007568 0.000000 2071.417480 0.000000 0.997461 0.000000 -0.071209 0.760589 0.760589 0.760589
2459.530518 0.000000 2076.375244 0.000000 0.987071 0.000000 -0.160283 0.770662 0.770662 0.770662
2457.929199 0.000000 2060.051270 0.000000 0.117725 0.000000 0.993046 0.572505 0.572505 0.572505
2434.383789 0.000000 2059.663330 0.000000 0.699346 0.000000 0.714783 0.612453 0.612453 0.612453
2437.289307 0.000000 2060.035645 0.000000 0.750578 0.000000 -0.660782 0.843464 0.843464 0.843464
2453.307129 0.000000 2058.389893 0.000000 0.293561 0.000000 0.955940 0.499397 0.499397 0.499397
2460.854980 0.000000 2063.494629 0.000000 0.903003 0.000000 0.429634 0.695744 0.695744 0.695744
2433.084473 0.000000 2062.270996 0.000000 0.357854 0.000000 0.933778 0.507374 0.507374 0.507374
2441.641357 0.000000 2058.239502 0.000000 0.272118 0.000000 -0.962264 0.982451 0.982451 0.982451
2463.382812 0.000000 2075.534912 0.000000 0.999392 0.000000 -0.034878 0.754811 0.754811 0.754811
2450.695312 0.000000 2076.212402 0.000000 0.925394 0.000000 -0.379006 0.805353 0.805353 0.805353
2454.989746 0.000000 2056.165527 0.000000 0.992073 0.000000 0.125667 0.725193 0.725193 0.725193
2438.502441 0.000000 2057.891846 0.000000 0.746792 0.000000 0.665057 0.623918 0.623918 0.623918
2455.824707 0.000000 2071.599609 0.000000 0.652212 0.000000 0.758037 0.593669 0.593669 0.593669
2439.387695 0.000000 2067.829834 0.000000 0.521857 0.000000 -0.853033 0.939691 0.939691 0.939691
2460.538086 0.000000 2071.347412 0.000000 0.665505 0.000000 0.746393 0.585520 0.585520 0.585520
2458.759521 0.000000 2055.390625 0.000000 0.467966 0.000000 -0.883747 0.918942 0.918942 0.918942
2452.282715 0.000000 2062.577393 0.000000 0.420104 0.000000 -0.907476 0.899801 0.899801 0.899801
2448.919922 0.000000 2073.497314 0.000000 0.999573 0.000000 0.029216 0.745084 0.745084 0.745084
2462.710449 0.000000 2052.633789 0.000000 0.968614 0.000000 0.248572 0.705904 0.705904 0.705904
2454.413818 0.000000 2060.435059 0.000000 0.570528 0.000000 -0.821278 0.867733 0.867733 0.867733
2456.654053 0.000000 2063.843018 0.000000 0.806338 0.000000 0.591454 0.657394 0.657394 0.657394
2462.593994 0.000000 2055.732910 0.000000 0.030423 0.000000 -0.999537 0.952904 0.952904 0.952904
2446.037598 0.000000 2073.704834 0.000000 0.808052 0.000000 -0.589110 0.866951 0.866951 0.866951
2444.301270 0.000000 2077.542480 0.000000 0.200621 0.000000 0.979669 0.488193 0.488193 0.488193
2459.051270 0.000000 2053.131836 0.000000 0.967673 0.000000 0.252208 0.703669 0.703669 0.703669
2462.711182 0.000000 2062.450684 0.000000 0.884913 0.000000 0.465756 0.702510 0.702510 0.702510
2457.230469 0.000000 2056.864746 0.000000 0.897182 0.000000 0.441661 0.681006 0.681006 0.681006
2452.410156 0.000000 2064.716553 0.000000 0.933947 0.000000 0.357412 0.689332 0.689332 0.689332
2457.312988 0.000000 2049.224609 0.000000 0.885312 0.000000 -0.464997 0.829191 0.829191 0.829191
2461.295410 0.000000 2075.280518 0.000000 0.506054 0.000000 -0.862502 0.877085 0.877085 0.877085
2459.592041 0.000000 2065.145752 0.000000 0.154773 0.000000 0.987950 0.527780 0.527780 0.527780
2462.858398 0.000000 2067.572510 0.000000 0.027600 0.000000 -0.999619 0.941140 0.941140 0.941140
2452.549805 0.000000 2075.280029 0.000000 0.634882 0.000000 0.772609 0.636175 0.636175 0.636175
2450.346680 0.000000 2062.020020 0.000000 0.921170 0.000000 0.389160 0.674221 0.674221 0.674221
2453.973877 0.000000 2078.882568 0.000000 0.947908 0.000000 -0.318545 0.799260 0.799260 0.799260
2456.552979 0.000000 2061.691895 0.000000 0.749185 0.000000 -0.662360 0.838450 0.838450 0.838450
2444.432373 0.000000 2048.331299 0.000000 0.291809 0.000000 -0.956477 0.991656 0.991656 0.991656
2458.697754 0.000000 2078.533203 0.000000 0.885041 0.000000 -0.465513 0.809975 0.809975 0.809975
2460.754883 0.000000 2056.395752 0.000000 0.824099 0.000000 0.566446 0.676428 0.676428 0.676428
2459.655762 0.000000 2049.777100 0.000000 0.366598 0.000000 0.930380 0.599917 0.599917 0.599917
2446.058594 0.000000 2076.848389 0.000000 0.773884 0.000000 -0.633328 0.842654 0.842654 0.842654
2439.594482 0.000000 2065.949219 0.000000 0.614936 0.000000 -0.788577 0.909986 0.909986 0.909986
2460.882080 0.000000 2058.970459 0.000000 0.429041 0.000000 -0.903285 0.927631 0.927631 0.927631
2459.512207 0.000000 2061.079346 0.000000 0.727040 0.000000 0.686595 0.657539 0.657539 0.657539
2463.032959 0.000000 2059.657959 0.000000 0.987304 0.000000 -0.158842 0.772177 0.772177 0.772177
2455.519043 0.000000 2075.268311 0.000000 0.926703 0.000000 -0.375795 0.821522 0.821522 0.821522
2437.594971 0.000000 2064.083740 0.000000 0.996864 0.000000 -0.079129 0.763682 0.763682 0.763682
2463.296387 0.000000 2050.951416 0.000000 0.981915 0.000000 -0.189321 0.782579 0.782579 0.782579
2459.957031 0.000000 2051.596680 0.000000 0.892506 0.000000 0.451035 0.672592 0.672592 0.672592
2440.007568 0.000000 2059.010010 0.000000 0.988085 0.000000 -0.153911 0.777733 0.777733 0.777733
2449.157227 0.000000 2075.348389 0.000000 0.572627 0.000000 -0.819816 0.867421 0.867421 0.867421
2457.129883 0.000000 2079.487549 0.000000 0.978986 0.000000 0.203929 0.717872 0.717872 0.717872
2460.892090 0.000000 2048.484131 0.000000 0.598744 0.000000 -0.800941 0.881746 0.881746 0.881746
2451.318359 0.000000 2071.848877 0.000000 0.711639 0.000000 -0.702545 0.876675 0.876675 0.876675
2460.463135 0.000000 2078.667236 0.000000 0.635801 0.000000 0.771853 0.642272 0.642272 0.642272
2452.881836 0.000000 2073.262451 0.000000 0.329071 0.000000 0.944305 0.599056 0.599056 0.599056
2455.964111 0.000000 2065.420166 0.000000 0.951451 0.000000 -0.307801 0.799826 0.799826 0.799826
2455.557373 0.000000 2078.600586 0.000000 0.317681 0.000000 0.948198 0.566051 0.566051 0.566051
2458.161377 0.000000 2064.406494 0.000000 0.513722 0.000000 0.857957 0.588088 0.588088 0.588088
2452.324219 0.000000 2076.966064 0.000000 0.741296 0.000000 -0.671178 0.870068 0.870068 0.870068
2453.885742 0.000000 2064.036133 0.000000 0.995798 0.000000 -0.091578 0.765222 0.765222 0.765222
2457.809814 0.000000 2058.364502 0.000000 0.896431 0.000000 -0.443183 0.806096 0.806096 0.806096
2455.973389 0.000000 2060.078125 0.000000 0.762869 0.000000 0.646553 0.664104 0.664104 0.664104
2458.888184 0.000000 2074.887451 0.000000 0.179214 0.000000 -0.983810 0.955830 0.955830 0.955830
2435.704346 0.000000 2060.560791 0.000000 0.201530 0.000000 -0.979482 0.937098 0.937098 0.937098
2454.396973 0.000000 2070.697021 0.000000 0.044129 0.000000 0.999026 0.472580 0.472580 0.472580
2462.496826 0.000000 2064.041016 0.000000 0.596524 0.000000 -0.802595 0.856496 0.856496 0.856496
2447.133545 0.000000 2077.984863 0.000000 0.966151 0.000000 -0.257976 0.785250 0.785250 0.785250
2463.131592 0.000000 2054.195312 0.000000 0.360219 0.000000 -0.932868 0.908371 0.908371 0.908371
2459.318604 0.000000 2059.390625 0.000000 0.896416 0.000000 0.443213 0.693900 0.693900 0.693900
2457.673584 0.000000 2047.718384 0.000000 0.245679 0.000000 -0.969351 0.970276 0.970276 0.970276
2463.180664 0.000000 2078.827393 0.000000 0.446099 0.000000 0.894984 0.551698 0.551698 0.551698
2462.642822 0.000000 2049.578613 0.000000 0.697166 0.000000 0.716910 0.634827 0.634827 0.634827
2454.350830 0.000000 2072.219238 0.000000 0.868337 0.000000 0.495975 0.664442 0.664442 0.664442
2461.193359 0.000000 2052.776611 0.000000 0.877772 0.000000 -0.479079 0.827878 0.827878 0.827878
2458.520508 0.000000 2067.126221 0.000000 0.107095 0.000000 0.994249 0.493100 0.493100 0.493100
2452.991943 0.000000 2061.218262 0.000000 0.844307 0.000000 0.535860 0.662482 0.662482 0.662482
2434.426514 0.000000 2061.552490 0.000000 0.262202 0.000000 -0.965013 0.928565 0.928565 0.928565
2448.273193 0.000000 2076.702881 0.000000 0.999347 0.000000 -0.036141 0.754437 0.754437 0.754437
2434.731201 0.000000 2058.220215 0.000000 0.395115 0.000000 0.918631 0.548838 0.548838 0.548838
2438.662354 0.000000 2056.292480 0.000000 0.210370 0.000000 0.977622 0.514524 0.514524 0.514524
2461.276855 0.000000 2072.863037 0.000000 0.156856 0.000000 -0.987621 0.953630 0.953630 0.953630
2461.423584 0.000000 2066.810303 0.000000 0.914837 0.000000 0.403823 0.698512 0.698512 0.698512
2460.980713 0.000000 2076.714111 0.000000 0.942457 0.000000 -0.334329 0.791649 0.791649 0.791649
2438.724854 0.000000 2059.781494 0.000000 0.392137 0.000000 -0.919907 0.951721 0.951721 0.951721
2436.007080 0.000000 2059.154297 0.000000 0.817539 0.000000 -0.575873 0.839453 0.839453 0.839453
2460.564941 0.000000 2062.086670 0.000000 0.157869 0.000000 0.987460 0.577457 0.577457 0.577457
2458.005615 0.000000 2054.139648 0.000000 0.936247 0.000000 -0.351342 0.805961 0.805961 0.805961
2437.312012 0.000000 2058.628662 0.000000 0.998808 0.000000 0.048818 0.742881 0.742881 0.742881
2459.466064 0.000000 2063.702637 0.000000 0.447091 0.000000 -0.894489 0.885283 0.885283 0.885283
2451.857666 0.000000 2070.556396 0.000000 0.985236 0.000000 0.171203 0.722021 0.722021 0.722021
2461.014160 0.000000 2065.096924 0.000000 0.596205 0.000000 0.802832 0.636129 0.636129 0.636129
2436.961914 0.000000 2061.418213 0.000000 0.968388 0.000000 -0.249447 0.782642 0.782642 0.782642
2462.314697 0.000000 2076.394531 0.000000 0.572658 0.000000 -0.819794 0.903586 0.903586 0.903586
2455.300049 0.000000 2064.058594 0.000000 0.712825 0.000000 -0.701342 0.873781 0.873781 0.873781
2463.693115 0.000000 2058.434570 0.000000 0.862885 0.000000 0.505400 0.676337 0.676337 0.676337
2462.142578 0.000000 2074.230957 0.000000 0.588930 0.000000 -0.808184 0.879775 0.879775 0.879775
2450.422363 0.000000 2074.889160 0.000000 0.695666 0.000000 -0.718366 0.847917 0.847917 0.847917
2436.603027 0.000000 2063.207031 0.000000 0.999585 0.000000 -0.028811 0.754718 0.754718 0.754718
2453.358887 0.000000 2077.743896 0.000000 0.928261 0.000000 -0.371930 0.812186 0.812186 0.812186
2457.803711 0.000000 2061.348633 0.000000 0.615337 0.000000 -0.788264 0.860933 0.860933 0.860933
2454.382324 0.000000 2059.135010 0.000000 0.579862 0.000000 0.814715 0.605846 0.605846 0.605846
2455.251953 0.000000 2061.411377 0.000000 0.885015 0.000000 0.465562 0.690834 0.690834 0.690834
2449.692383 0.000000 2077.098633 0.000000 0.648793 0.000000 -0.760965 0.856142 0.856142 0.856142
2462.949219 0.000000 2061.028076 0.000000 0.101091 0.000000 -0.994877 0.903950 0.903950 0.903950
2461.135254 0.000000 2057.672119 0.000000 0.892643 0.000000 -0.450764 0.807132 0.807132 0.807132
2459.615479 0.000000 2054.345947 0.000000 0.532646 0.000000 0.846338 0.592708 0.592708 0.592708
2458.540283 0.000000 2056.704590 0.000000 0.854134 0.000000 0.520053 0.683181 0.683181 0.683181
2459.698242 0.000000 2077.650635 0.000000 0.215641 0.000000 -0.976473 0.923720 0.923720 0.923720
2458.564453 0.000000 2049.021484 0.000000 0.074544 0.000000 0.997218 0.562161 0.562161 0.562161
2456.934570 0.000000 2059.274902 0.000000 0.658986 0.000000 -0.752156 0.854011 0.854011 0.854011
2453.501709 0.000000 2062.823975 0.000000 0.337755 0.000000 -0.941234 0.911529 0.911529 0.911529
2461.602295 0.000000 2079.082764 0.000000 0.832681 0.000000 0.553753 0.678300 0.678300 0.678300
2457.251709 0.000000 2062.769775 0.000000 0.992882 0.000000 0.119098 0.732531 0.732531 0.732531
2460.309570 0.000000 2060.132324 0.000000 0.434859 0.000000 0.900498 0.586607 0.586607 0.586607
2460.133545 0.000000 2074.930176 0.000000 0.871605 0.000000 0.490209 0.687406 0.687406 0.687406
2460.274658 0.000000 2066.130859 0.000000 0.604000 0.000000 0.796984 0.635766 0.635766 0.635766
2450.080322 0.000000 2073.195801 0.000000 0.212813 0.000000 0.977093 0.584289 0.584289 0.584289
2463.143799 0.000000 2056.796387 0.000000 0.428629 0.000000 -0.903480 0.887158 0.887158 0.887158
2455.962891 0.000000 2062.788086 0.000000 0.914662 0.000000 -0.404220 0.800840 0.800840 0.800840
2461.398193 0.000000 2055.369385 0.000000 0.774464 0.000000 -0.632618 0.833681 0.833681 0.833681
2463.653320 0.000000 2065.678955 0.000000 0.171450 0.000000 0.985193 0.590137 0.590137 0.590137
2461.967041 0.000000 2056.820801 0.000000 0.918584 0.000000 -0.395226 0.799641 0.799641 0.799641
2460.914795 0.000000 2049.648682 0.000000 0.905384 0.000000 0.424594 0.687803 0.687803 0.687803
2452.665527 0.000000 2079.465576 0.000000 0.315849 0.000000 0.948809 0.560152 0.560152 0.560152
2460.057617 0.000000 2055.452393 0.000000 0.988949 0.000000 0.148256 0.731820 0.731820 0.731820
2461.888916 0.000000 2051.794922 0.000000 0.064826 0.000000 0.997897 0.605772 0.605772 0.605772
2451.184814 0.000000 2077.359375 0.000000 0.153390 0.000000 0.988166 0.548252 0.548252 0.548252
2458.058838 0.000000 2077.540771 0.000000 0.254716 0.000000 -0.967016 0.918560 0.918560 0.918560
2462.030273 0.000000 2059.109619 0.000000 0.393079 0.000000 0.919505 0.587781 0.587781 0.587781
2460.054932 0.000000 2072.424072 0.000000 0.712473 0.000000 -0.701699 0.862064 0.862064 0.862064
2454.023926 0.000000 2061.704346 0.000000 0.224636 0.000000 0.974443 0.585769 0.585769 0.585769
2452.205322 0.000000 2074.156250 0.000000 0.002966 0.000000 -0.999996 0.952118 0.952118 0.952118
2463.256836 0.000000 2074.415283 0.000000 0.255701 0.000000 0.966756 0.569040 0.569040 0.569040
2461.746338 0.000000 2061.854736 0.000000 0.617437 0.000000 -0.786621 0.881965 0.881965 0.881965
2448.448242 0.000000 2074.484375 0.000000 0.966969 0.000000 -0.254894 0.781489 0.781489 0.781489
2456.941162 0.000000 2060.591064 0.000000 0.806457 0.000000 0.591292 0.672705 0.672705 0.672705
2459.692871 0.000000 2056.708008 0.000000 0.896004 0.000000 0.444046 0.693786 0.693786 0.693786
2453.288574 0.000000 2074.307861 0.000000 0.943737 0.000000 -0.330696 0.793450 0.793450 0.793450
2459.566406 0.000000 2062.563477 0.000000 0.999123 0.000000 0.041882 0.744882 0.744882 0.744882
2452.803467 0.000000 2063.693848 0.000000 0.632462 0.000000 0.774591 0.633283 0.633283 0.633283
2451.474609 0.000000 2075.427490 0.000000 0.426768 0.000000 0.904361 0.611957 0.611957 0.611957
2460.376709 0.000000 2047.535278 0.000000 0.064897 0.000000 0.997892 0.642151 0.642151 0.642151
2461.082275 0.000000 2073.960205 0.000000 0.744171 0.000000 0.667989 0.644604 0.644604 0.644604
2452.293457 0.000000 2072.292236 0.000000 0.812266 0.000000 -0.583287 0.826087 0.826087 0.826087
2447.094727 0.000000 2076.526611 0.000000 0.167489 0.000000 -0.985874 0.939472 0.939472 0.939472
2461.497314 0.000000 2047.558472 0.000000 0.760616 0.000000 -0.649202 0.800602 0.800602 0.800602
2461.864502 0.000000 2063.157227 0.000000 0.734504 0.000000 0.678605 0.658875 0.658875 0.658875
2462.946045 0.000000 2066.510498 0.000000 0.147780 0.000000 0.989020 0.573812 0.573812 0.573812
2460.466797 0.000000 2050.663086 0.000000 0.495873 0.000000 0.868395 0.649250 0.649250 0.649250
2463.618164 0.000000 2055.180176 0.000000 0.553275 0.000000 -0.832999 0.879683 0.879683 0.879683
2463.360840 0.000000 2064.632324 0.000000 0.612110 0.000000 0.790773 0.645741 0.645741 0.645741
2463.318359 0.000000 2063.298096 0.000000 0.650960 0.000000 -0.759112 0.834489 0.834489 0.834489
2449.536865 0.000000 2074.356689 0.000000 0.255002 0.000000 -0.966941 0.910409 0.910409 0.910409
2460.901855 0.000000 2077.750732 0.000000 0.318384 0.000000 -0.947962 0.902324 0.902324 0.902324
2460.296631 0.000000 2064.372559 0.000000 0.982664 0.000000 0.185398 0.727217 0.727217 0.727217
2462.213623 0.000000 2054.764893 0.000000 0.601564 0.000000 -0.798825 0.871889 0.871889 0.871889
2462.153076 0.000000 2060.208252 0.000000 0.933041 0.000000 0.359769 0.711446 0.711446 0.711446
2461.524902 0.000000 2064.232666 0.000000 0.107671 0.000000 0.994187 0.571268 0.571268 0.571268
2459.726562 0.000000 2048.780273 0.000000 0.866130 0.000000 0.499818 0.684291 0.684291 0.684291
2459.954102 0.000000 2058.594482 0.000000 0.335588 0.000000 0.942009 0.599900 0.599900 0.599900
2460.501709 0.000000 2075.866455 0.000000 0.283380 0.000000 0.959008 0.593191 0.593191 0.593191
2453.350586 0.000000 2072.398193 0.000000 0.882379 0.000000 -0.470540 0.809854 0.809854 0.809854
2458.882568 0.000000 2060.267334 0.000000 0.012239 0.000000 0.999925 0.559584 0.559584 0.559584
2460.925781 0.000000 2051.499268 0.000000 0.536202 0.000000 -0.844090 0.846240 0.846240 0.846240
2450.975098 0.000000 2072.755615 0.000000 0.550155 0.000000 -0.835062 0.870739 0.870739 0.870739
2458.710205 0.000000 2061.647705 0.000000 0.550474 0.000000 0.834852 0.629308 0.629308 0.629308
2458.760742 0.000000 2058.523438 0.000000 0.782362 0.000000 -0.622824 0.832144 0.832144 0.832144
2449.157471 0.000000 2076.314941 0.000000 0.984314 0.000000 -0.176425 0.771768 0.771768 0.771768
2458.420898 0.000000 2057.643311 0.000000 0.105959 0.000000 -0.994370 0.928942 0.928942 0.928942
2448.283447 0.000000 2075.721436 0.000000 0.544188 0.000000 0.838963 0.628390 0.628390 0.628390
2464.450439 0.000000 2055.428223 0.000000 0.917855 0.000000 0.396917 0.684773 0.684773 0.684773
2487.838623 0.000000 2058.471680 0.000000 0.336962 0.000000 0.941518 0.571128 0.571128 0.571128
2475.186279 0.000000 2063.215820 0.000000 0.980946 0.000000 -0.194282 0.790143 0.790143 0.790143
2464.687256 0.000000 2069.005615 0.000000 0.313590 0.000000 0.949558 0.486659 0.486659 0.486659
2491.226074 0.000000 2047.876099 0.000000 0.253816 0.000000 0.967252 0.504548 0.504548 0.504548
2482.301758 0.000000 2070.458740 0.000000 0.337261 0.000000 0.941411 0.529138 0.529138 0.529138
2469.390137 0.000000 2047.893433 0.000000 0.632053 0.000000 -0.774925 0.891189 0.891189 0.891189
2489.547852 0.000000 2065.917236 0.000000 0.508302 0.000000 0.861179 0.549796 0.549796 0.549796
2472.232666 0.000000 2056.208740 0.000000 0.597845 0.000000 0.801611 0.591453 0.591453 0.591453
2467.782959 0.000000 2062.162109 0.000000 0.723286 0.000000 0.690549 0.673143 0.673143 0.673143
2485.192139 0.000000 2051.473389 0.000000 0.983873 0.000000 0.178870 0.718937 0.718937 0.718937
2480.593994 0.000000 2057.956055 0.000000 0.391362 0.000000 0.920237 0.634132 0.634132 0.634132
2482.373535 0.000000 2064.065186 0.000000 0.965106 0.000000 0.261860 0.715844 0.715844 0.715844
2463.885742 0.000000 2049.146484 0.000000 0.460474 0.000000 0.887673 0.592624 0.592624 0.592624
2477.184326 0.000000 2068.402832 0.000000 0.324438 0.000000 0.945907 0.487674 0.487674 0.487674
2479.356689 0.000000 2075.466797 0.000000 0.405758 0.000000 0.913980 0.534005 0.534005 0.534005
2486.520996 0.000000 2073.727539 0.000000 0.984534 0.000000 0.175193 0.718098 0.718098 0.718098
2468.537109 0.000000 2052.622803 0.000000 0.282171 0.000000 -0.959364 1.013770 1.013770 1.013770
2474.486572 0.000000 2047.677002 0.000000 0.868921 0.000000 0.494950 0.694012 0.694012 0.694012
2488.880371 0.000000 2077.696289 0.000000 0.984432 0.000000 0.175764 0.715115 0.715115 0.715115
2463.814697 0.000000 2059.939209 0.000000 0.498736 0.000000 -0.866754 0.895791 0.895791 0.895791
2464.056396 0.000000 2064.582764 0.000000 0.254287 0.000000 -0.967129 0.907548 0.907548 0.907548
2476.207031 0.000000 2058.666016 0.000000 0.994627 0.000000 0.103520 0.737330 0.737330 0.737330
2488.578857 0.000000 2054.240967 0.000000 0.163517 0.000000 -0.986541 0.996112 0.996112 0.996112
2484.470215 0.000000 2055.706055 0.000000 0.955901 0.000000 0.293689 0.697173 0.697173 0.697173
2486.768311 0.000000 2062.643311 0.000000 0.923212 0.000000 0.384291 0.696492 0.696492 0.696492
2471.802246 0.000000 2060.793701 0.000000 0.204734 0.000000 -0.978818 1.011770 1.011770 1.011770
2468.100098 0.000000 2057.664062 0.000000 0.637334 0.000000 0.770588 0.657341 0.657341 0.657341
2463.949951 0.000000 2073.058350 0.000000 0.628033 0.000000 0.778187 0.609990 0.609990 0.609990
2479.166260 0.000000 2061.629639 0.000000 0.449575 0.000000 0.893243 0.615057 0.615057 0.615057
2481.460693 0.000000 2053.072510 0.000000 0.634453 0.000000 -0.772961 0.914021 0.914021 0.914021
2483.663330 0.000000 2060.291748 0.000000 0.918098 0.000000 -0.396354 0.790634 0.790634 0.790634
2478.085693 0.000000 2055.155518 0.000000 0.712039 0.000000 0.702140 0.640470 0.640470 0.640470
2491.385254 0.000000 2057.763184 0.000000 0.915966 0.000000 0.401255 0.678218 0.678218 0.678218
2479.057373 0.000000 2065.404297 0.000000 0.241557 0.000000 -0.970387 1.007504 1.007504 1.007504
2479.048828 0.000000 2071.833496 0.000000 0.958372 0.000000 -0.285523 0.786514 0.786514 0.786514
2483.623047 0.000000 2067.219482 0.000000 0.804155 0.000000 -0.594420 0.869962 0.869962 0.869962
2483.175293 0.000000 2073.694336 0.000000 0.982006 0.000000 0.188848 0.720918 0.720918 0.720918
2464.858154 0.000000 2052.230957 0.000000 0.547282 0.000000 -0.836948 0.951374 0.951374 0.951374
2471.490967 0.000000 2063.974365 0.000000 0.428056 0.000000 -0.903752 0.978514 0.978514 0.978514
2475.063232 0.000000 2054.659912 0.000000 0.993381 0.000000 0.114862 0.733802 0.733802 0.733802
2486.307373 0.000000 2065.694824 0.000000 0.838314 0.000000 0.545188 0.661090 0.661090 0.661090
2478.451660 0.000000 2048.361816 0.000000 0.698586 0.000000 -0.715527 0.874294 0.874294 0.874294
2494.414307 0.000000 2057.911865 0.000000 0.997491 0.000000 -0.070793 0.763751 0.763751 0.763751
2463.750488 0.000000 2078.035889 0.000000 0.570595 0.000000 -0.821232 0.922390 0.922390 0.922390
2467.093506 0.000000 2049.843750 0.000000 0.146746 0.000000 -0.989174 0.903928 0.903928 0.903928
2489.287354 0.000000 2074.782715 0.000000 0.754702 0.000000 -0.656067 0.878830 0.878830 0.878830
2471.995850 0.000000 2049.377441 0.000000 0.786278 0.000000 -0.617873 0.863922 0.863922 0.863922
2484.416992 0.000000 2048.535645 0.000000 0.757973 0.000000 -0.652286 0.895493 0.895493 0.895493
2480.533203 0.000000 2067.934326 0.000000 0.083462 0.000000 -0.996511 1.045319 1.045319 1.045319
2466.325928 0.000000 2066.516113 0.000000 0.993508 0.000000 0.113765 0.726656 0.726656 0.726656
2486.172852 0.000000 2076.610840 0.000000 0.583241 0.000000 -0.812299 0.933467 0.933467 0.933467
2494.523193 0.000000 2047.903320 0.000000 0.062440 0.000000 -0.998049 0.978335 0.978335 0.978335
2469.628418 0.000000 2055.214355 0.000000 0.905472 0.000000 -0.424405 0.822015 0.822015 0.822015
2482.413086 0.000000 2050.372070 0.000000 0.999004 0.000000 -0.044629 0.757711 0.757711 0.757711
2475.440186 0.000000 2050.151611 0.000000 0.676815 0.000000 -0.736153 0.891982 0.891982 0.891982
2489.925293 0.000000 2060.051270 0.000000 0.931419 0.000000 -0.363948 0.812250 0.812250 0.812250
2474.450684 0.000000 2060.632080 0.000000 0.313611 0.000000 -0.949552 0.968333 0.968333 0.968333
2466.379883 0.000000 2059.663330 0.000000 0.871356 0.000000 -0.490652 0.786729 0.786729 0.786729
2469.285400 0.000000 2060.035645 0.000000 0.002918 0.000000 0.999996 0.566371 0.566371 0.566371
2485.303223 0.000000 2058.389893 0.000000 0.226559 0.000000 0.973997 0.607122 0.607122 0.607122
2467.111816 0.000000 2054.951660 0.000000 0.521548 0.000000 -0.853222 0.932294 0.932294 0.932294
2465.080566 0.000000 2062.270996 0.000000 0.088915 0.000000 -0.996039 0.856123 0.856123 0.856123
2473.637451 0.000000 2058.239502 0.000000 0.998957 0.000000 0.045654 0.741573 0.741573 0.741573
2487.625977 0.000000 2051.937012 0.000000 0.932921 0.000000 0.360082 0.683270 0.683270 0.683270
2482.691406 0.000000 2076.212402 0.000000 0.899251 0.000000 -0.437434 0.838884 0.838884 0.838884
2481.843994 0.000000 2055.774902 0.000000 0.984791 0.000000 -0.173741 0.769962 0.769962 0.769962
2486.985840 0.000000 2056.165527 0.000000 0.868813 0.000000 -0.495141 0.841801 0.841801 0.841801
2486.016113 0.000000 2053.829346 0.000000 0.443641 0.000000 -0.896204 0.941927 0.941927 0.941927
2467.782715 0.000000 2064.591797 0.000000 0.999931 0.000000 -0.011763 0.751801 0.751801 0.751801
2470.498535 0.000000 2057.891846 0.000000 0.746408 0.000000 0.665489 0.649586 0.649586 0.649586
2469.750977 0.000000 2050.303223 0.000000 0.470042 0.000000 -0.882644 0.840211 0.840211 0.840211
2481.246826 0.000000 2060.304688 0.000000 0.838530 0.000000 0.544855 0.683809 0.683809 0.683809
2464.871826 0.000000 2057.789307 0.000000 0.022250 0.000000 0.999752 0.583423 0.583423 0.583423
2490.755615 0.000000 2055.390625 0.000000 0.800739 0.000000 0.599014 0.631124 0.631124 0.631124
2476.794189 0.000000 2061.419678 0.000000 0.882113 0.000000 0.471038 0.690077 0.690077 0.690077
2478.484375 0.000000 2059.316650 0.000000 0.980035 0.000000 0.198823 0.726895 0.726895 0.726895
2484.278809 0.000000 2062.577393 0.000000 0.765405 0.000000 0.643549 0.685398 0.685398 0.685398
2480.046875 0.000000 2050.522461 0.000000 0.496224 0.000000 -0.868195 0.958215 0.958215 0.958215
2463.716553 0.000000 2066.900635 0.000000 0.714401 0.000000 0.699736 0.654005 0.654005 0.654005
2482.942627 0.000000 2057.836670 0.000000 0.175802 0.000000 0.984426 0.581245 0.581245 0.581245
2477.483643 0.000000 2063.625244 0.000000 0.990373 0.000000 -0.138427 0.773910 0.773910 0.773910
2475.843994 0.000000 2052.461914 0.000000 0.967118 0.000000 -0.254329 0.799907 0.799907 0.799907
2480.916016 0.000000 2073.497314 0.000000 0.845515 0.000000 0.533952 0.681183 0.681183 0.681183
2464.349365 0.000000 2075.772949 0.000000 0.128349 0.000000 -0.991729 1.027444 1.027444 1.027444
2476.825928 0.000000 2070.692627 0.000000 0.301542 0.000000 -0.953453 0.986172 0.986172 0.986172
2483.816895 0.000000 2053.517578 0.000000 0.247219 0.000000 0.968960 0.523310 0.523310 0.523310
2486.409912 0.000000 2060.435059 0.000000 0.996264 0.000000 0.086356 0.740748 0.740748 0.740748
2488.650146 0.000000 2063.843018 0.000000 0.727040 0.000000 -0.686595 0.883272 0.883272 0.883272
2479.062744 0.000000 2069.596924 0.000000 0.447330 0.000000 -0.894369 0.948056 0.948056 0.948056
2476.342041 0.000000 2056.476318 0.000000 0.844787 0.000000 -0.535103 0.818983 0.818983 0.818983
2478.033691 0.000000 2073.704834 0.000000 0.757503 0.000000 -0.652832 0.840501 0.840501 0.840501
2480.242676 0.000000 2063.629639 0.000000 0.968372 0.000000 0.249510 0.719191 0.719191 0.719191
2472.886719 0.000000 2054.154053 0.000000 0.258726 0.000000 0.965951 0.504761 0.504761 0.504761
2478.512207 0.000000 2057.207031 0.000000 0.192251 0.000000 0.981346 0.604160 0.604160 0.604160
2484.406250 0.000000 2064.716553 0.000000 0.309864 0.000000 0.950781 0.595874 0.595874 0.595874
2489.953857 0.000000 2072.772705 0.000000 0.815002 0.000000 -0.579458 0.869951 0.869951 0.869951
2484.545898 0.000000 2075.280029 0.000000 0.974113 0.000000 0.226063 0.710612 0.710612 0.710612
2482.342773 0.000000 2062.020020 0.000000 0.927668 0.000000 0.373407 0.706901 0.706901 0.706901
2488.549072 0.000000 2061.691895 0.000000 0.587479 0.000000 0.809240 0.592437 0.592437 0.592437
2476.428467 0.000000 2048.331299 0.000000 0.584195 0.000000 -0.811614 0.855050 0.855050 0.855050
2492.750977 0.000000 2056.395752 0.000000 0.237869 0.000000 -0.971297 0.979839 0.979839 0.979839
2480.030762 0.000000 2055.201904 0.000000 0.232365 0.000000 -0.972629 0.902752 0.902752 0.902752
2485.600342 0.000000 2067.539307 0.000000 0.747703 0.000000 -0.664033 0.885226 0.885226 0.885226
2465.907715 0.000000 2064.008545 0.000000 0.885754 0.000000 0.464155 0.692113 0.692113 0.692113
2471.720459 0.000000 2051.278076 0.000000 0.995654 0.000000 0.093134 0.732737 0.732737 0.732737
2492.878174 0.000000 2058.970459 0.000000 0.982033 0.000000 -0.188711 0.786099 0.786099 0.786099
2474.089600 0.000000 2056.421631 0.000000 0.536062 0.000000 -0.844178 0.889726 0.889726 0.889726
2466.443604 0.000000 2056.661133 0.000000 0.910773 0.000000 -0.412907 0.789092 0.789092 0.789092
2487.515137 0.000000 2075.268311 0.000000 0.056898 0.000000 -0.998380 1.011490 1.011490 1.011490
2463.759766 0.000000 2053.743896 0.000000 0.863519 0.000000 0.504317 0.657212 0.657212 0.657212
2495.292480 0.000000 2050.951416 0.000000 0.217994 0.000000 0.975950 0.505252 0.505252 0.505252
2477.363770 0.000000 2053.446289 0.000000 0.983499 0.000000 0.180914 0.716125 0.716125 0.716125
2472.003662 0.000000 2059.010010 0.000000 0.997090 0.000000 0.076236 0.735919 0.735919 0.735919
2480.572021 0.000000 2070.976562 0.000000 0.793631 0.000000 -0.608399 0.829907 0.829907 0.829907
2481.153320 0.000000 2075.348389 0.000000 0.869577 0.000000 0.493797 0.654701 0.654701 0.654701
2492.888184 0.000000 2048.484131 0.000000 0.661955 0.000000 0.749544 0.602205 0.602205 0.602205
2483.314453 0.000000 2071.848877 0.000000 0.445913 0.000000 0.895076 0.550416 0.550416 0.550416
2483.136475 0.000000 2051.930176 0.000000 0.992362 0.000000 -0.123356 0.771362 0.771362 0.771362
2467.741455 0.000000 2048.168945 0.000000 0.448779 0.000000 0.893643 0.630471 0.630471 0.630471
2484.877930 0.000000 2073.262451 0.000000 0.763285 0.000000 -0.646062 0.877246 0.877246 0.877246
2463.711670 0.000000 2050.842041 0.000000 0.463775 0.000000 0.885953 0.563810 0.563810 0.563810
2466.643311 0.000000 2051.447754 0.000000 0.952785 0.000000 -0.303645 0.800344 0.800344 0.800344
2477.212402 0.000000 2049.773682 0.000000 0.979722 0.000000 -0.200361 0.772380 0.772380 0.772380
2487.960205 0.000000 2065.420166 0.000000 0.453206 0.000000 0.891406 0.580320 0.580320 0.580320
2484.033691 0.000000 2050.144775 0.000000 0.686061 0.000000 0.727544 0.609271 0.609271 0.609271
2471.277344 0.000000 2054.814697 0.000000 0.762946 0.000000 0.646462 0.626607 0.626607 0.626607
2482.786377 0.000000 2048.757080 0.000000 0.715436 0.000000 -0.698679 0.890567 0.890567 0.890567
2465.372070 0.000000 2054.031494 0.000000 0.987765 0.000000 -0.155951 0.775025 0.775025 0.775025
2485.881836 0.000000 2064.036133 0.000000 0.700082 0.000000 -0.714063 0.847610 0.847610 0.847610
2480.703613 0.000000 2062.083496 0.000000 0.989556 0.000000 0.144148 0.732327 0.732327 0.732327
2468.309814 0.000000 2050.949951 0.000000 0.689517 0.000000 0.724269 0.682435 0.682435 0.682435
2468.272949 0.000000 2056.099121 0.000000 0.894745 0.000000 -0.446577 0.798758 0.798758 0.798758
2487.969482 0.000000 2060.078125 0.000000 0.677234 0.000000 -0.735768 0.838474 0.838474 0.838474
2465.181641 0.000000 2060.708984 0.000000 0.066924 0.000000 -0.997758 0.857703 0.857703 0.857703
2485.554199 0.000000 2056.838379 0.000000 0.880981 0.000000 0.473151 0.688677 0.688677 0.688677
2463.736816 0.000000 2063.037598 0.000000 0.923798 0.000000 -0.382879 0.788513 0.788513 0.788513
2482.494141 0.000000 2054.366211 0.000000 0.275170 0.000000 -0.961396 0.910031 0.910031 0.910031
2467.700439 0.000000 2060.560791 0.000000 0.996692 0.000000 -0.081274 0.755827 0.755827 0.755827
2481.775391 0.000000 2071.987061 0.000000 0.564185 0.000000 0.825648 0.631325 0.631325 0.631325
2470.903076 0.000000 2048.283936 0.000000 0.745870 0.000000 -0.666092 0.874684 0.874684 0.874684
2469.942383 0.000000 2051.933838 0.000000 0.576899 0.000000 0.816816 0.670265 0.670265 0.670265
2481.075195 0.000000 2069.514404 0.000000 0.818728 0.000000 -0.574182 0.858047 0.858047 0.858047
2464.930664 0.000000 2065.848389 0.000000 0.170605 0.000000 -0.985339 0.917821 0.917821 0.917821
2494.638916 0.000000 2049.578613 0.000000 0.979738 0.000000 0.200284 0.722872 0.722872 0.722872
2479.987305 0.000000 2048.402832 0.000000 0.863085 0.000000 -0.505058 0.832530 0.832530 0.832530
2484.988037 0.000000 2061.218262 0.000000 0.431902 0.000000 -0.901920 0.833040 0.833040 0.833040
2475.193359 0.000000 2057.518799 0.000000 0.983335 0.000000 -0.181803 0.775417 0.775417 0.775417
2475.959229 0.000000 2060.156982 0.000000 0.659144 0.000000 0.752017 0.601552 0.601552 0.601552
2463.735107 0.000000 2056.788574 0.000000 0.662756 0.000000 0.748835 0.647079 0.647079 0.647079
2465.103516 0.000000 2067.471191 0.000000 0.057765 0.000000 -0.998330 1.005391 1.005391 1.005391
2466.422607 0.000000 2061.552490 0.000000 0.976899 0.000000 -0.213701 0.765424 0.765424 0.765424
2466.727295 0.000000 2058.220215 0.000000 0.340276 0.000000 0.940326 0.662367 0.662367 0.662367
2470.658447 0.000000 2056.292480 0.000000 0.272235 0.000000 0.962231 0.571404 0.571404 0.571404
2482.509521 0.000000 2059.299072 0.000000 0.596576 0.000000 -0.802557 0.846023 0.846023 0.846023
2463.724365 0.000000 2061.491943 0.000000 0.124743 0.000000 -0.992189 0.901456 0.901456 0.901456
2479.995361 0.000000 2059.440186 0.000000 0.083317 0.000000 -0.996523 0.921695 0.921695 0.921695
2479.458984 0.000000 2073.982422 0.000000 0.533530 0.000000 -0.845781 0.878252 0.878252 0.878252
2468.530273 0.000000 2049.490234 0.000000 0.998416 0.000000 -0.056270 0.757574 0.757574 0.757574
2475.356689 0.000000 2061.767334 0.000000 0.677537 0.000000 0.735489 0.605866 0.605866 0.605866
2470.720947 0.000000 2059.781494 0.000000 0.261882 0.000000 -0.965100 0.944014 0.944014 0.944014
2483.414551 0.000000 2065.778320 0.000000 0.303289 0.000000 -0.952899 0.912776 0.912776 0.912776
2474.822021 0.000000 2059.100830 0.000000 0.980649 0.000000 -0.195773 0.781269 0.781269 0.781269
2476.601318 0.000000 2054.766846 0.000000 0.814692 0.000000 -0.579894 0.826967 0.826967 0.826967
2468.003174 0.000000 2059.154297 0.000000 0.193713 0.000000 0.981058 0.622867 0.622867 0.622867
2468.270020 0.000000 2054.045898 0.000000 0.398969 0.000000 0.916964 0.559341 0.559341 0.559341
2486.012939 0.000000 2075.134033 0.000000 0.539247 0.000000 -0.842148 0.922947 0.922947 0.922947
2478.771484 0.000000 2049.826904 0.000000 0.989170 0.000000 0.146773 0.727038 0.727038 0.727038
2478.895752 0.000000 2063.160156 0.000000 0.494841 0.000000 0.868983 0.597669 0.597669 0.597669
2480.723145 0.000000 2065.009277 0.000000 0.719248 0.000000 0.694753 0.628116 0.628116 0.628116
2487.434570 0.000000 2053.387451 0.000000 0.960473 0.000000 -0.278372 0.798727 0.798727 0.798727
2486.267334 0.000000 2052.430664 0.000000 0.086481 0.000000 -0.996253 1.006367 1.006367 1.006367
2478.053223 0.000000 2060.650391 0.000000 0.346864 0.000000 0.937915 0.601366 0.601366 0.601366
2483.937500 0.000000 2058.840820 0.000000 0.717743 0.000000 0.696308 0.670606 0.670606 0.670606
2469.308105 0.000000 2058.628662 0.000000 0.941443 0.000000 0.337172 0.718221 0.718221 0.718221
2472.220215 0.000000 2057.618652 0.000000 0.749879 0.000000 0.661575 0.626755 0.626755 0.626755
2480.641113 0.000000 2056.517334 0.000000 0.917344 0.000000 0.398095 0.709406 0.709406 0.709406
2483.185547 0.000000 2056.424316 0.000000 0.304703 0.000000 -0.952447 0.902666 0.902666 0.902666
2485.152832 0.000000 2059.808594 0.000000 0.118034 0.000000 0.993010 0.595388 0.595388 0.595388
2469.397705 0.000000 2056.897705 0.000000 0.969576 0.000000 0.244789 0.723953 0.723953 0.723953
2468.958008 0.000000 2061.418213 0.000000 0.648011 0.000000 0.761631 0.648595 0.648595 0.648595
2484.288086 0.000000 2057.470947 0.000000 0.856130 0.000000 -0.516761 0.817569 0.817569 0.817569
2477.564697 0.000000 2058.209473 0.000000 0.949707 0.000000 0.313140 0.711088 0.711088 0.711088
2465.816162 0.000000 2055.447021 0.000000 0.380495 0.000000 0.924783 0.561350 0.561350 0.561350
2487.296143 0.000000 2064.058594 0.000000 0.999930 0.000000 0.011809 0.748179 0.748179 0.748179
2465.003906 0.000000 2059.150391 0.000000 0.894920 0.000000 0.446227 0.713755 0.713755 0.713755
2466.572021 0.000000 2065.190430 0.000000 0.279838 0.000000 -0.960047 0.947027 0.947027 0.947027
2477.174805 0.000000 2059.623535 0.000000 0.253405 0.000000 0.967360 0.589389 0.589389 0.589389
2466.664062 0.000000 2062.868652 0.000000 0.976844 0.000000 0.213954 0.728259 0.728259 0.728259
2468.599121 0.000000 2063.207031 0.000000 0.963194 0.000000 0.268807 0.707119 0.707119 0.707119
2481.775391 0.000000 2057.178955 0.000000 0.821792 0.000000 0.569787 0.689894 0.689894 0.689894
2481.108154 0.000000 2054.498535 0.000000 0.814072 0.000000 0.580764 0.679165 0.679165 0.679165
2478.287598 0.000000 2070.651855 0.000000 0.405755 0.000000 0.913982 0.604600 0.604600 0.604600
2486.378418 0.000000 2059.135010 0.000000 0.970264 0.000000 0.242051 0.714363 0.714363 0.714363
2487.248047 0.000000 2061.411377 0.000000 0.985056 0.000000 -0.172233 0.768523 0.768523 0.768523
2480.474609 0.000000 2072.290283 0.000000 0.833966 0.000000 -0.551816 0.821416 0.821416 0.821416
2475.229736 0.000000 2048.857422 0.000000 0.700237 0.000000 -0.713911 0.811855 0.811855 0.811855
2481.469482 0.000000 2063.121826 0.000000 0.851134 0.000000 0.524949 0.682479 0.682479 0.682479
2479.061035 0.000000 2056.072754 0.000000 0.073646 0.000000 -0.997284 0.908518 0.908518 0.908518
2479.258057 0.000000 2058.231201 0.000000 0.446884 0.000000 0.894592 0.622155 0.622155 0.622155
2465.085693 0.000000 2056.568848 0.000000 0.795776 0.000000 0.605591 0.680025 0.680025 0.680025
2481.305664 0.000000 2059.007812 0.000000 0.937028 0.000000 0.349254 0.706612 0.706612 0.706612
2483.097900 0.000000 2063.037598 0.000000 0.908020 0.000000 -0.418928 0.798684 0.798684 0.798684
2483.483643 0.000000 2061.530518 0.000000 0.674099 0.000000 0.738641 0.667139 0.667139 0.667139
2482.395020 0.000000 2060.769287 0.000000 0.607879 0.000000 -0.794030 0.841471 0.841471 0.841471
2485.497803 0.000000 2062.823975 0.000000 0.690353 0.000000 0.723473 0.675262 0.675262 0.675262
2477.397705 0.000000 2047.560425 0.000000 0.949161 0.000000 0.314793 0.712494 0.712494 0.712494
2479.055176 0.000000 2054.410645 0.000000 0.672871 0.000000 -0.739759 0.867172 0.867172 0.867172
2469.839111 0.000000 2049.020996 0.000000 0.368122 0.000000 -0.929778 0.910606 0.910606 0.910606
2480.097412 0.000000 2060.837402 0.000000 0.879701 0.000000 0.475528 0.693073 0.693073 0.693073
2475.260742 0.000000 2055.894287 0.000000 0.684954 0.000000 0.728586 0.635143 0.635143 0.635143
2482.076416 0.000000 2073.195801 0.000000 0.362628 0.000000 0.931934 0.566361 0.566361 0.566361
2483.686035 0.000000 2054.743164 0.000000 0.094818 0.000000 0.995495 0.567203 0.567203 0.567203
2487.958984 0.000000 2062.788086 0.000000 0.996978 0.000000 -0.077690 0.760550 0.760550 0.760550
2464.844482 0.000000 2063.463379 0.000000 0.346325 0.000000 -0.938115 0.837172 0.837172 0.837172
2477.787598 0.000000 2056.289307 0.000000 0.859525 0.000000 -0.511094 0.815542 0.815542 0.815542
2486.020020 0.000000 2061.704346 0.000000 0.157880 0.000000 -0.987458 0.901123 0.901123 0.901123
2479.667236 0.000000 2057.131348 0.000000 0.509486 0.000000 0.860479 0.640281 0.640281 0.640281
2479.441895 0.000000 2070.746826 0.000000 0.191494 0.000000 -0.981494 0.923789 0.923789 0.923789
2478.921875 0.000000 2072.958740 0.000000 0.996507 0.000000 0.083512 0.739362 0.739362 0.739362
2479.126221 0.000000 2060.278809 0.000000 0.229102 0.000000 0.973403 0.586330 0.586330 0.586330
2476.559326 0.000000 2057.619629 0.000000 0.051690 0.000000 -0.998663 0.935594 0.935594 0.935594
2484.799561 0.000000 2063.693848 0.000000 0.185302 0.000000 -0.982682 0.877925 0.877925 0.877925
2483.465820 0.000000 2064.150635 0.000000 0.411515 0.000000 -0.911403 0.897825 0.897825 0.897825
2475.624023 0.000000 2047.578247 0.000000 0.699735 0.000000 0.714402 0.663952 0.663952 0.663952
2482.452881 0.000000 2065.247803 0.000000 0.714397 0.000000 -0.699741 0.849914 0.849914 0.849914
2476.204102 0.000000 2049.392334 0.000000 0.993110 0.000000 -0.117183 0.763030 0.763030 0.763030
2485.421875 0.000000 2065.088379 0.000000 0.079812 0.000000 0.996810 0.567012 0.567012 0.567012
2465.214111 0.000000 2064.836914 0.000000 0.905637 0.000000 0.424053 0.697482 0.697482 0.697482
2467.589844 0.000000 2063.559326 0.000000 0.806716 0.000000 0.590939 0.686253 0.686253 0.686253
2481.471924 0.000000 2061.329834 0.000000 0.444740 0.000000 -0.895660 0.877498 0.877498 0.877498
2464.092285 0.000000 2058.509277 0.000000 0.045776 0.000000 -0.998952 0.869500 0.869500 0.869500
2477.464600 0.000000 2048.738525 0.000000 0.257786 0.000000 0.966202 0.604661 0.604661 0.604661
2471.259766 0.000000 2057.174316 0.000000 0.727071 0.000000 0.686562 0.645642 0.645642 0.645642
2463.717773 0.000000 2065.823486 0.000000 0.581780 0.000000 0.813346 0.641418 0.641418 0.641418
2466.700928 0.000000 2048.616455 0.000000 0.111702 0.000000 0.993742 0.592251 0.592251 0.592251
2495.342529 0.000000 2048.775146 0.000000 0.837821 0.000000 0.545945 0.672305 0.672305 0.672305
2465.715332 0.000000 2058.407227 0.000000 0.996082 0.000000 0.088437 0.743061 0.743061 0.743061
2482.073730 0.000000 2058.324219 0.000000 0.501878 0.000000 0.864938 0.642283 0.642283 0.642283
2482.883789 0.000000 2055.346191 0.000000 0.657636 0.000000 0.753336 0.644333 0.644333 0.644333
2467.446045 0.000000 2056.797607 0.000000 0.485906 0.000000 -0.874011 0.847664 0.847664 0.847664
2469.281006 0.000000 2051.199219 0.000000 0.916726 0.000000 0.399517 0.715717 0.715717 0.715717
2478.019775 0.000000 2071.657227 0.000000 0.671907 0.000000 -0.740636 0.855175 0.855175 0.855175
2465.736328 0.000000 2057.322021 0.000000 0.443191 0.000000 0.896427 0.630421 0.630421 0.630421
2479.968018 0.000000 2073.144287 0.000000 0.997234 0.000000 0.074324 0.740535 0.740535 0.740535
2465.734863 0.000000 2063.066650 0.000000 0.101673 0.000000 -0.994818 0.855206 0.855206 0.855206
2476.982910 0.000000 2055.658936 0.000000 0.737186 0.000000 -0.675690 0.842308 0.842308 0.842308
2477.438965 0.000000 2057.229492 0.000000 0.914391 0.000000 -0.404832 0.800922 0.800922 0.800922
2481.514893 0.000000 2071.067627 0.000000 0.827435 0.000000 0.561561 0.677151 0.677151 0.677151
2480.924316 0.000000 2055.530518 0.000000 0.941730 0.000000 0.336370 0.710785 0.710785 0.710785
2466.640869 0.000000 2060.576172 0.000000 0.817244 0.000000 0.576291 0.706012 0.706012 0.706012
2467.682861 0.000000 2049.106445 0.000000 0.921477 0.000000 -0.388434 0.793137 0.793137 0.793137
2469.009766 0.000000 2057.738525 0.000000 0.479116 0.000000 -0.877752 0.862817 0.862817 0.862817
2464.610596 0.000000 2061.440430 0.000000 0.727015 0.000000 -0.686622 0.804204 0.804204 0.804204
2464.204102 0.000000 2062.245117 0.000000 0.002127 0.000000 -0.999998 0.862348 0.862348 0.862348
2483.959961 0.000000 2063.401611 0.000000 0.937028 0.000000 -0.349254 0.790182 0.790182 0.790182
2484.293701 0.000000 2059.642578 0.000000 0.991391 0.000000 -0.130932 0.763977 0.763977 0.763977
2467.027344 0.000000 2059.064453 0.000000 0.152774 0.000000 0.988261 0.648485 0.648485 0.648485
2474.024414 0.000000 2048.427490 0.000000 0.664195 0.000000 0.747559 0.684308 0.684308 0.684308
2468.346436 0.000000 2059.965332 0.000000 0.128257 0.000000 0.991741 0.616737 0.616737 0.616737
2467.282715 0.000000 2061.341553 0.000000 0.390570 0.000000 0.920573 0.666237 0.666237 0.666237
2465.551270 0.000000 2059.887939 0.000000 0.997745 0.000000 -0.067124 0.755264 0.755264 0.755264
2483.352783 0.000000 2059.492188 0.000000 0.940314 0.000000 0.340308 0.714207 0.714207 0.714207
2474.727783 0.000000 2049.673584 0.000000 0.730497 0.000000 0.682916 0.691515 0.691515 0.691515
2469.834717 0.000000 2056.050293 0.000000 0.994603 0.000000 -0.103753 0.760947 0.760947 0.760947
2484.551025 0.000000 2060.463379 0.000000 0.687278 0.000000 0.726394 0.689942 0.689942 0.689942
2467.653320 0.000000 2058.385498 0.000000 0.475914 0.000000 -0.879492 0.826976 0.826976 0.826976
2468.657227 0.000000 2051.783936 0.000000 0.136711 0.000000 -0.990611 0.869590 0.869590 0.869590
2464.713867 0.000000 2059.999023 0.000000 0.451061 0.000000 -0.892493 0.836419 0.836419 0.836419
2468.876709 0.000000 2050.260010 0.000000 0.086807 0.000000 -0.996225 0.873779 0.873779 0.873779
2485.146484 0.000000 2062.044434 0.000000 0.039016 0.000000 -0.999239 0.891541 0.891541 0.891541
2485.542969 0.000000 2060.573242 0.000000 0.922497 0.000000 0.386004 0.720727 0.720727 0.720727
2467.183594 0.000000 2059.904785 0.000000 0.995015 0.000000 -0.099726 0.757154 0.757154 0.757154
2465.580322 0.000000 2061.472900 0.000000 0.738373 0.000000 0.674393 0.696991 0.696991 0.696991
2464.202393 0.000000 2060.712891 0.000000 0.250796 0.000000 0.968040 0.655656 0.655656 0.655656
2468.491699 0.000000 2058.454346 0.000000 0.176680 0.000000 -0.984268 0.878735 0.878735 0.878735
2467.280518 0.000000 2057.626709 0.000000 0.999470 0.000000 0.032558 0.747009 0.747009 0.747009
2459.229980 0.000000 2079.868408 0.000000 0.774174 0.000000 0.632972 0.665108 0.665108 0.665108
2453.196045 0.000000 2083.465576 0.000000 0.907612 0.000000 -0.419811 0.809988 0.809988 0.809988
2449.451172 0.000000 2079.773438 0.000000 0.716260 0.000000 0.697833 0.607044 0.607044 0.607044
2456.582764 0.000000 2086.233154 0.000000 0.940247 0.000000 0.340494 0.699354 0.699354 0.699354
2452.474121 0.000000 2087.698242 0.000000 0.214249 0.000000 -0.976779 1.011425 1.011425 1.011425
2455.478271 0.000000 2080.206299 0.000000 0.492108 0.000000 -0.870534 0.879052 0.879052 0.879052
2461.535645 0.000000 2082.680908 0.000000 0.554398 0.000000 -0.832252 0.945225 0.945225 0.945225
2458.145508 0.000000 2083.143799 0.000000 0.113298 0.000000 0.993561 0.501563 0.501563 0.501563
2452.420898 0.000000 2080.527832 0.000000 0.670691 0.000000 -0.741737 0.864301 0.864301 0.864301
2462.527100 0.000000 2079.895508 0.000000 0.096768 0.000000 -0.995307 1.013690 1.013690 1.013690
2450.416992 0.000000 2082.364258 0.000000 0.477545 0.000000 -0.878607 0.957026 0.957026 0.957026
2455.629883 0.000000 2083.929199 0.000000 0.999460 0.000000 0.032861 0.745984 0.745984 0.745984
2454.989746 0.000000 2088.157715 0.000000 0.973389 0.000000 0.229160 0.704478 0.704478 0.704478
2454.020020 0.000000 2085.821533 0.000000 0.699985 0.000000 -0.714158 0.847180 0.847180 0.847180
2458.759521 0.000000 2087.382812 0.000000 0.994982 0.000000 -0.100059 0.769508 0.769508 0.769508
2459.051270 0.000000 2085.124023 0.000000 0.927498 0.000000 -0.373828 0.817470 0.817470 0.817470
2457.312988 0.000000 2081.216797 0.000000 0.889083 0.000000 -0.457746 0.823579 0.823579 0.823579
2454.465088 0.000000 2081.955078 0.000000 0.975911 0.000000 -0.218170 0.776871 0.776871 0.776871
2459.655762 0.000000 2081.769287 0.000000 0.231191 0.000000 -0.972908 0.947217 0.947217 0.947217
2459.957031 0.000000 2083.588867 0.000000 0.993719 0.000000 -0.111902 0.769117 0.769117 0.769117
2460.892090 0.000000 2080.476318 0.000000 0.984034 0.000000 -0.177981 0.776987 0.776987 0.776987
2457.207764 0.000000 2084.578125 0.000000 0.814941 0.000000 0.579543 0.674475 0.674475 0.674475
2453.861328 0.000000 2079.568604 0.000000 0.986408 0.000000 -0.164312 0.775080 0.775080 0.775080
2452.037598 0.000000 2082.136963 0.000000 0.630865 0.000000 -0.775893 0.872975 0.872975 0.872975
2456.231689 0.000000 2082.368164 0.000000 0.726303 0.000000 -0.687375 0.856215 0.856215 0.856215
2457.673584 0.000000 2079.710449 0.000000 0.225112 0.000000 -0.974333 0.960214 0.960214 0.960214
2455.438477 0.000000 2085.379639 0.000000 0.494312 0.000000 -0.869284 0.878742 0.878742 0.878742
2454.271240 0.000000 2084.422852 0.000000 0.997798 0.000000 0.066322 0.741891 0.741891 0.741891
2456.506348 0.000000 2087.640869 0.000000 0.576786 0.000000 0.816895 0.610645 0.610645 0.610645
2455.247803 0.000000 2086.809570 0.000000 0.354022 0.000000 -0.935237 0.927580 0.927580 0.927580
2453.000488 0.000000 2084.821533 0.000000 0.429800 0.000000 0.902924 0.573134 0.573134 0.573134
2453.674561 0.000000 2080.847412 0.000000 0.513563 0.000000 -0.858052 0.891083 0.891083 0.891083
2458.564453 0.000000 2081.013672 0.000000 0.965297 0.000000 0.261156 0.711040 0.711040 0.711040
2454.505615 0.000000 2083.202393 0.000000 0.906126 0.000000 0.423008 0.696639 0.696639 0.696639
2456.777588 0.000000 2083.457031 0.000000 0.301486 0.000000 -0.953471 0.927226 0.927226 0.927226
2460.914795 0.000000 2081.640869 0.000000 0.999530 0.000000 -0.030646 0.754623 0.754623 0.754623
2455.554443 0.000000 2081.444824 0.000000 0.983681 0.000000 0.179924 0.727897 0.727897 0.727897
2457.654541 0.000000 2087.756592 0.000000 0.756103 0.000000 -0.654453 0.853999 0.853999 0.853999
2453.299316 0.000000 2081.947021 0.000000 0.135435 0.000000 -0.990786 0.946271 0.946271 0.946271
2460.376709 0.000000 2079.527588 0.000000 0.924267 0.000000 -0.381748 0.797854 0.797854 0.797854
2461.497314 0.000000 2079.550781 0.000000 0.594132 0.000000 -0.804368 0.864186 0.864186 0.864186
2452.034912 0.000000 2083.296875 0.000000 0.029361 0.000000 0.999569 0.536566 0.536566 0.536566
2457.312988 0.000000 2082.365234 0.000000 0.905424 0.000000 0.424508 0.688556 0.688556 0.688556
2454.635742 0.000000 2080.996582 0.000000 0.171425 0.000000 0.985197 0.579136 0.579136 0.579136
2456.255615 0.000000 2084.811035 0.000000 0.446399 0.000000 0.894834 0.614623 0.614623 0.614623
2455.293945 0.000000 2082.434082 0.000000 0.674461 0.000000 0.738311 0.648526 0.648526 0.648526
2463.885742 0.000000 2081.138672 0.000000 0.694351 0.000000 0.719637 0.591396 0.591396 0.591396
2463.965332 0.000000 2079.567139 0.000000 0.240709 0.000000 -0.970597 0.987537 0.987537 0.987537
2496.446533 0.000000 2055.428223 0.000000 0.965700 0.000000 0.259661 0.699760 0.699760 0.699760
2495.881836 0.000000 2049.146484 0.000000 0.975153 0.000000 0.221533 0.719947 0.719947 0.719947
2500.533203 0.000000 2052.622803 0.000000 0.791557 0.000000 0.611095 0.626469 0.626469 0.626469
2495.810791 0.000000 2059.939209 0.000000 0.455873 0.000000 -0.890045 0.972234 0.972234 0.972234
2496.854248 0.000000 2052.230957 0.000000 0.540087 0.000000 0.841609 0.608128 0.608128 0.608128
2499.107910 0.000000 2054.951660 0.000000 0.101633 0.000000 0.994822 0.479759 0.479759 0.479759
2501.747070 0.000000 2050.303223 0.000000 0.697030 0.000000 0.717042 0.599319 0.599319 0.599319
2497.780029 0.000000 2048.126709 0.000000 0.369465 0.000000 0.929245 0.546053 0.546053 0.546053
2498.689453 0.000000 2053.086182 0.000000 0.094270 0.000000 0.995547 0.494984 0.494984 0.494984
2497.335938 0.000000 2050.435791 0.000000 0.779191 0.000000 -0.626787 0.856357 0.856357 0.856357
2495.707764 0.000000 2050.842041 0.000000 0.255883 0.000000 0.966708 0.512317 0.512317 0.512317
2498.639404 0.000000 2051.447754 0.000000 0.984359 0.000000 -0.176174 0.780590 0.780590 0.780590
2495.961426 0.000000 2047.574951 0.000000 0.846571 0.000000 0.532275 0.665030 0.665030 0.665030
"}
