object={
	name="tree_mushroom_01"
	clamp_to_water_level=yes
	render_under_water=yes
	generated_content=no
	layer="monument_layer"
	entity="tree_mushroom_01_entity"
	count=57
	transform="3560.667236 0.000000 2426.009277 0.000000 0.000000 0.000000 1.000000 1.000000 1.000000 1.000000
3541.572510 0.000000 2421.734375 0.000000 0.000000 0.000000 1.000000 1.000000 1.000000 1.000000
3538.533691 0.000000 2409.400879 0.000000 0.000000 0.000000 1.000000 1.000000 1.000000 1.000000
3545.393066 0.000000 2409.542969 0.000000 0.000000 0.000000 1.000000 1.000000 1.000000 1.000000
3538.479736 0.000000 2392.556152 0.000000 0.000000 0.000000 1.000000 1.000000 1.000000 1.000000
3527.003662 0.000000 2406.802002 0.000000 0.000000 0.000000 1.000000 1.000000 1.000000 1.000000
3551.902588 0.000000 2394.512695 0.000000 0.000000 0.000000 1.000000 1.000000 1.000000 1.000000
3550.229004 0.000000 2608.180908 0.000000 0.000000 0.000000 1.000000 1.000000 1.000000 1.000000
3514.304443 0.000000 2571.044189 0.000000 0.000000 0.000000 1.000000 1.000000 1.000000 1.000000
3538.028809 0.000000 2573.359619 0.000000 0.000000 0.000000 1.000000 1.000000 1.000000 1.000000
3534.081299 0.000000 2543.812256 0.000000 0.000000 0.000000 1.000000 1.000000 1.000000 1.000000
3548.761230 0.000000 2531.320557 0.000000 0.000000 0.000000 1.000000 1.000000 1.000000 1.000000
3510.663574 0.000000 2502.977051 0.000000 0.000000 0.000000 1.000000 1.000000 1.000000 1.000000
3502.089111 0.000000 2552.359863 0.000000 0.000000 0.000000 1.000000 1.000000 1.000000 1.000000
3566.833740 0.000000 2482.562500 0.000000 0.000000 0.000000 1.000000 1.000000 1.000000 1.000000
3556.248535 0.000000 2483.826660 0.000000 0.000000 0.000000 1.000000 1.000000 1.000000 1.000000
3586.755859 0.000000 2425.502930 0.000000 0.000000 0.000000 1.000000 1.000000 1.000000 1.000000
3589.620117 0.000000 2411.166016 0.000000 0.000000 0.000000 1.000000 1.000000 1.000000 1.000000
3572.533691 0.000000 2410.792480 0.000000 0.000000 0.000000 1.000000 1.000000 1.000000 1.000000
3575.061523 0.000000 2397.193604 0.000000 0.000000 0.000000 1.000000 1.000000 1.000000 1.000000
3605.795654 0.000000 2414.016846 0.000000 0.000000 0.000000 1.000000 1.000000 1.000000 1.000000
3600.230957 0.000000 2424.410889 0.000000 0.000000 0.000000 1.000000 1.000000 1.000000 1.000000
3602.626221 0.000000 2434.630371 0.000000 0.000000 0.000000 1.000000 1.000000 1.000000 1.000000
3592.103760 0.000000 2459.101074 0.000000 0.000000 0.000000 1.000000 1.000000 1.000000 1.000000
3585.069824 0.000000 2448.723389 0.000000 0.000000 0.000000 1.000000 1.000000 1.000000 1.000000
3436.229248 0.000000 2410.878418 0.000000 0.000000 0.000000 1.000000 1.000000 1.000000 1.000000
3414.269531 0.000000 2332.144043 0.000000 0.000000 0.000000 1.000000 1.000000 1.000000 1.000000
3606.493652 0.000000 2331.160156 0.000000 0.000000 0.000000 1.000000 1.000000 1.000000 1.000000
3583.626221 0.000000 2354.169678 0.000000 0.000000 0.000000 1.000000 1.000000 1.000000 1.000000
3615.795166 0.000000 2293.350830 0.000000 0.000000 0.000000 1.000000 1.000000 1.000000 1.000000
3623.447754 0.000000 2268.935059 0.000000 0.000000 0.000000 1.000000 1.000000 1.000000 1.000000
3646.166992 0.000000 2260.569824 0.000000 0.000000 0.000000 1.000000 1.000000 1.000000 1.000000
3616.201172 0.000000 2231.673340 0.000000 0.000000 0.000000 1.000000 1.000000 1.000000 1.000000
3622.366211 0.000000 2218.219482 0.000000 0.000000 0.000000 1.000000 1.000000 1.000000 1.000000
3647.337646 0.000000 2229.299316 0.000000 0.000000 0.000000 1.000000 1.000000 1.000000 1.000000
3636.931396 0.000000 2231.547119 0.000000 0.000000 0.000000 1.000000 1.000000 1.000000 1.000000
3605.990479 0.000000 2222.771484 0.000000 0.000000 0.000000 1.000000 1.000000 1.000000 1.000000
3645.879883 0.000000 2165.994873 0.000000 0.000000 0.000000 1.000000 1.000000 1.000000 1.000000
3647.953125 0.000000 2173.663574 0.000000 0.000000 0.000000 1.000000 1.000000 1.000000 1.000000
3677.690430 0.000000 2209.306152 0.000000 0.000000 0.000000 1.000000 1.000000 1.000000 1.000000
3673.467285 0.000000 2181.415771 0.000000 0.000000 0.000000 1.000000 1.000000 1.000000 1.000000
3815.874023 0.000000 2080.161865 0.000000 0.000000 0.000000 1.000000 1.000000 1.000000 1.000000
3828.318604 0.000000 2078.587158 0.000000 0.000000 0.000000 1.000000 1.000000 1.000000 1.000000
3731.895020 0.000000 1973.172974 0.000000 0.000000 0.000000 1.000000 1.000000 1.000000 1.000000
3717.984863 0.000000 1925.076538 0.000000 0.000000 0.000000 1.000000 1.000000 1.000000 1.000000
3750.313721 0.000000 1910.199585 0.000000 0.000000 0.000000 1.000000 1.000000 1.000000 1.000000
3762.880615 0.000000 1862.133789 0.000000 0.000000 0.000000 1.000000 1.000000 1.000000 1.000000
3739.110107 0.000000 1873.300415 0.000000 0.000000 0.000000 1.000000 1.000000 1.000000 1.000000
3767.682617 0.000000 1904.225464 0.000000 0.000000 0.000000 1.000000 1.000000 1.000000 1.000000
3753.751709 0.000000 1939.046753 0.000000 0.000000 0.000000 1.000000 1.000000 1.000000 1.000000
3753.249023 0.000000 1976.485352 0.000000 0.000000 0.000000 1.000000 1.000000 1.000000 1.000000
3805.012207 0.000000 1955.488037 0.000000 0.000000 0.000000 1.000000 1.000000 1.000000 1.000000
3900.531494 0.000000 2123.652832 0.000000 0.000000 0.000000 1.000000 1.000000 1.000000 1.000000
3922.238525 0.000000 2119.093750 0.000000 0.000000 0.000000 1.000000 1.000000 1.000000 1.000000
3920.217773 0.000000 2136.889160 0.000000 0.000000 0.000000 1.000000 1.000000 1.000000 1.000000
3940.173584 0.000000 2125.927002 0.000000 0.000000 0.000000 1.000000 1.000000 1.000000 1.000000
3903.057129 0.000000 2112.673340 0.000000 0.000000 0.000000 1.000000 1.000000 1.000000 1.000000
"}
